Random waveform, supplied seed
Total number of intervals = 129 (7434, 67201, 85927, 63953, 31595, 87879, 7287, 62295, 6561, 22532, 60653, 59076, 60154, 22964, 8172, 27652, 37594, 24367, 33771, 84944, 85666, 51918, 34406, 28664, 38289, 20658, 13840, 93419, 98284, 71313, 42089, 46458, 30755, 42889, 93552, 65694, 29574, 51355, 67361, 16287, 81508, 87619, 99068, 51267, 11822, 97494, 97350, 55460, 85984, 82043, 52873, 13911, 49984, 9274, 27187, 18735, 86505, 93039, 75999, 32324, 84255, 81759, 37291, 53818, 30297, 31569, 38927, 10652, 98119, 48176, 34929, 69735, 20753, 84642, 42333, 61587, 77998, 97625, 23781, 66723, 31016, 47394, 95335, 5252, 65908, 16889, 42912, 99898, 26385, 22616, 50605, 90283, 26273, 48521, 34058, 75648, 19482, 15054, 75754, 5187, 17656, 96343, 36665, 85269, 31525, 61798, 12253, 25710, 79937, 7271, 85861, 91467, 72217, 31080, 76878, 84584, 12492, 57106, 96245, 6791, 90728, 5151, 82969, 42635, 99337, 95192, 69200, 49459, 29055)
Average QPS expected = 52063
Timestamp start: 1715198313307
Timestamp end: 1715199213870

#type       avg     std     min      p5     p10     p50     p67     p75     p80     p85     p90     p95     p99    p999   p9999      QPS   target
read      361.5   550.5   160.7   212.9   230.9   325.7   352.7   367.4   377.8   392.5   410.3   448.9  1413.1  8302.0 20192.4   7428.3     7434
read      353.8   216.1   148.8   195.5   209.0   322.2   382.7   419.1   448.0   484.0   532.2   603.7   761.4  2013.9  9118.2  67065.0    67201
read      377.0   424.1   148.8   197.8   211.9   325.3   387.3   425.2   454.7   490.9   539.9   625.8  1338.0  5666.0 12637.3  85877.6    85927
read      373.7   456.2   148.8   196.5   210.1   324.2   385.5   422.8   453.4   492.0   542.6   623.0  1120.5  5618.2 18495.4  63878.6    63953
read      355.8   212.9   148.8   194.8   208.0   318.0   394.4   442.6   475.2   508.8   546.0   596.8   718.6  1799.8  8549.4  31585.4    31595
read      355.3   376.7   148.8   196.1   209.8   319.6   379.8   415.3   442.3   476.0   521.5   593.6   816.1  2424.0  9338.9  87567.7    87879
read      343.4   368.0   160.7   209.6   226.7   322.9   351.2   367.1   378.3   392.8   410.3   445.1   625.9  4369.3 15522.2   7290.6     7287
read      370.7   391.9   148.8   195.4   209.0   324.0   385.7   423.8   454.9   493.5   544.0   625.9  1108.1  4752.3 13161.1  62179.0    62295
read      353.1   445.9   148.8   216.1   235.2   324.1   350.5   365.0   374.1   389.1   404.5   446.3  1002.1  6457.5 13637.9   6574.7     6561
read      354.2   249.5   148.8   195.0   208.1   323.6   403.0   440.4   463.2   487.5   514.2   553.1   672.3  3184.0 10210.9  22459.0    22532
read      359.7   305.0   148.8   194.3   207.7   321.0   381.2   418.0   448.1   486.8   536.3   609.9   877.0  2898.8  9806.3  60755.1    60653
read      353.1   243.3   148.8   194.3   207.6   320.4   380.3   418.2   449.3   487.8   535.7   603.8   748.6  1881.4  9300.3  58996.9    59076
read      349.0   222.1   148.8   193.2   206.4   318.2   376.7   413.2   443.7   482.2   531.3   598.0   734.2  1792.8  8101.2  60189.9    60154
read      356.6   404.1   148.8   191.8   204.2   315.9   396.3   436.4   461.1   486.4   513.5   551.0   674.3  5417.9 16809.6  22999.1    22964
read      348.3   426.6   160.7   206.0   221.9   324.8   356.0   371.3   383.3   396.5   414.9   447.4   649.8  7676.2 19107.6   8204.4     8172
read      357.2   225.3   148.8   197.0   210.5   319.6   404.2   448.5   475.7   501.9   532.7   576.6   688.3  2278.2  8923.4  27489.4    27652
read      403.3   393.6   148.8   196.7   210.7   327.4   409.0   464.1   501.6   543.7   605.3   826.7  1368.9  4714.7 12247.9  37656.7    37594
read      477.3   358.5   148.8   205.2   221.8   395.6   526.4   621.9   691.9   764.5   844.0   945.8  1149.0  4312.0 12910.1  24319.7    24367
read      499.5   465.4   148.8   204.4   220.8   376.8   517.5   630.6   747.2   854.8   964.7  1097.0  1358.0  4385.4 14142.1  33791.6    33771
read      612.2   606.0   148.8   215.3   239.3   402.4   487.2   575.9   685.6  1304.3  1579.7  1790.4  2503.2  3127.3 15233.8  84970.3    84944
read      350.2   197.4   137.8   198.5   212.6   319.7   381.0   417.2   444.8   477.8   521.7   589.2   743.2  1586.4  7849.5  85727.7    85666
read      360.6   203.6   148.8   201.9   216.1   327.0   391.7   433.1   466.9   505.5   550.8   618.4   753.5  1375.1  7140.5  51973.1    51918
read      367.8   324.5   148.8   199.3   213.0   324.1   400.5   450.2   484.0   519.5   559.5   617.1   745.6  3716.2 12209.2  34463.9    34406
read      366.9   258.0   148.8   199.6   212.5   323.7   410.1   461.3   491.7   522.8   558.1   609.3   735.2  2321.5  9773.8  28792.7    28664
read      365.9   278.4   148.8   199.8   213.1   324.0   395.8   445.9   482.9   520.6   563.1   621.2   747.8  2803.5 10746.8  38265.0    38289
read      368.0   323.2   148.8   201.7   214.3   339.1   418.7   455.6   478.2   500.9   528.8   568.7   676.4  3260.1 12718.9  20671.7    20658
read      367.5   320.7   160.7   205.8   219.6   354.1   408.6   435.0   452.8   470.7   494.1   527.7   637.5  3510.7 15288.8  13755.1    13840
read      352.5   220.1   148.8   202.9   217.0   324.5   381.4   415.1   440.3   471.7   514.4   583.6   736.9  1681.6  8945.2  93341.4    93419
read      352.2   220.7   148.8   203.5   218.3   325.5   381.1   413.6   438.2   469.0   509.6   576.6   725.3  1694.5  9273.2  98313.6    98284
read      361.4   200.4   148.8   202.3   215.3   328.6   392.2   429.7   459.5   495.9   543.5   616.7   775.6  2011.4  7736.7  71453.1    71313
read      362.7   231.6   148.8   200.2   213.5   323.6   392.1   438.9   477.0   517.7   564.5   626.0   750.7  1684.0  7644.6  42010.7    42089
read      364.5   221.4   148.8   200.5   214.2   326.9   393.3   437.9   474.6   515.6   564.5   629.4   763.9  1630.3  7714.3  46365.0    46458
read      365.6   676.4   148.8   199.3   212.5   320.9   405.8   458.8   491.7   524.7   561.4   612.9   732.2  1759.1  8587.0  30801.9    30755
read      362.7   207.8   148.8   199.3   212.9   323.8   392.2   439.0   477.2   517.3   563.4   625.0   759.1  1717.0  7540.7  42731.4    42889
read      348.3   218.9   148.8   202.2   215.6   321.6   378.6   411.2   435.9   466.5   506.4   573.1   719.8  1477.1  8767.4  93559.9    93552
read      363.5   215.0   148.8   200.3   214.4   329.1   392.6   431.5   463.2   501.7   550.4   626.1   787.0  2168.2  8116.6  65727.6    65694
read      364.1   208.1   148.8   199.9   213.3   322.0   408.5   460.8   492.7   525.2   561.5   610.8   716.5  1500.3  8109.3  29491.6    29574
read      365.9   242.2   148.8   200.9   214.4   330.7   395.1   436.5   472.1   514.1   564.3   631.1   772.6  1571.3 11382.6  51360.3    51355
read      360.2   198.9   148.8   202.3   215.2   328.4   390.9   428.4   458.8   495.8   542.8   615.4   760.9  2031.5  7742.3  67452.1    67361
read      370.4   290.2   148.8   204.3   218.0   353.7   418.0   448.2   467.4   488.4   510.0   547.8   665.0  3849.9 12584.6  16263.9    16287
read      620.9   632.0   148.8   220.8   245.5   402.2   535.3   643.8   796.4  1088.7  1460.3  1784.5  2584.1  4290.6 18213.6  81397.1    81508
read      369.0   351.2   148.8   204.3   219.4   334.3   395.1   432.0   460.9   496.3   543.7   623.6   847.6  2665.8  8522.6  87555.0    87619
read      367.9   391.0   148.8   204.4   219.6   329.3   385.6   419.1   444.6   476.0   519.2   588.7   794.2  4613.7 16937.7  99048.7    99068
read      361.6   204.5   148.8   200.9   214.2   324.8   387.7   429.7   465.8   508.7   559.7   626.2   755.2  1864.9  6987.6  51354.9    51267
read      358.5   279.5   160.7   206.1   220.7   347.8   392.7   415.1   430.2   448.0   468.0   501.4   612.4  3748.2 10864.3  11792.4    11822
read      352.4   208.8   148.8   203.5   217.6   324.6   380.6   413.5   438.2   469.3   510.4   579.4   728.4  1893.7  8571.2  97278.6    97494
read      347.1   246.6   148.8   202.1   215.4   318.3   372.9   404.5   430.1   461.1   501.5   567.0   715.7  1900.5  9267.2  97305.7    97350
read      357.8   234.1   148.8   199.2   212.4   323.3   384.1   424.0   457.9   499.0   548.8   618.8   748.4  1792.9  8604.5  55508.6    55460
read      351.9   269.1   148.8   199.0   212.4   319.6   378.9   413.3   439.4   472.1   516.4   584.9   744.1  2156.7  9950.7  85854.9    85984
read      351.8   225.9   148.8   199.2   212.7   320.5   380.4   415.0   441.3   473.6   517.8   587.8   743.2  2013.1  7942.7  82211.4    82043
read      360.4   270.4   148.8   198.5   212.0   322.7   384.5   425.2   460.0   502.0   551.5   620.4   766.4  2245.4  9288.8  52965.9    52873
read      360.4   287.9   148.8   203.9   217.2   347.1   399.6   425.8   443.3   462.5   485.4   515.0   620.1  3851.1 12259.8  13918.4    13911
read      357.4   197.0   148.8   198.6   212.0   322.0   384.1   425.2   460.2   502.5   551.3   617.4   742.6  1740.4  7997.7  49982.6    49984
read      358.9   488.3   160.7   209.4   224.7   335.6   370.5   388.7   400.5   416.2   434.1   466.9   630.4  6988.1 19749.4   9249.7     9274
read      361.6   270.2   148.8   198.2   211.1   317.4   403.5   452.5   482.5   511.3   543.8   587.7   689.5  3836.7 10525.9  27145.3    27187
read      369.5   391.9   148.8   200.6   213.1   339.2   414.0   449.0   470.9   492.7   517.1   551.7   681.2  4876.0 18744.5  18808.3    18735
read      354.8   247.4   148.8   202.9   216.2   323.3   382.6   417.1   443.6   476.6   520.9   590.2   748.4  2039.4  8176.8  86399.9    86505
read      349.3   226.6   148.8   201.8   215.1   320.3   376.0   408.3   433.0   464.3   505.8   574.8   730.7  2094.4  8443.2  92938.9    93039
read      356.0   278.9   148.8   199.3   212.6   320.4   380.9   416.4   444.3   478.7   525.1   594.3   769.6  3062.1  8610.0  75912.0    75999
read      360.3   276.6   148.8   197.0   209.9   314.5   394.1   447.4   482.1   516.3   553.4   605.1   723.3  2389.0 12234.7  32421.4    32324
read      355.5   268.8   148.8   200.4   213.5   321.7   381.5   416.0   442.4   476.1   521.6   591.9   751.4  2712.5 10282.6  84323.7    84255
read      353.9   195.9   148.8   201.7   214.7   322.5   383.3   418.8   445.5   478.1   521.8   590.2   744.5  2134.5  7156.0  81803.7    81759
read      364.7   358.3   148.8   199.2   212.1   315.6   387.5   439.5   478.5   517.5   559.7   614.7   735.8  4235.2 12763.5  37276.6    37291
read      360.3   225.6   148.8   200.2   213.5   324.1   385.6   426.5   462.0   505.1   556.4   623.5   751.9  1752.0  8901.1  53688.9    53818
read      364.8   276.7   148.8   200.3   213.5   317.9   404.1   458.9   492.7   525.6   561.3   610.9   729.2  2074.3 10007.5  30418.4    30297
read      423.1   338.0   148.8   204.5   219.0   345.6   454.1   512.8   552.3   603.3   694.2   897.0  1194.4  3281.7  9824.4  31541.3    31569
read      509.9   535.5   148.8   205.4   221.3   373.3   516.4   620.7   732.1   852.7   977.8  1141.2  1566.1  6435.6 16716.6  38937.3    38927
read      460.6   937.6   160.7   208.8   226.9   380.4   454.7   493.5   518.9   546.4   582.5   638.8  1855.3 12840.0 33241.7  10640.7    10652
read      792.5   722.5   160.7   283.7   320.1   497.5   673.5  1300.2  1488.1  1616.8  1718.3  1839.5  2726.1  5435.2 20377.6  98161.3    98119
read      368.3   317.9   148.8   204.6   219.5   332.9   393.8   432.5   463.9   501.3   548.2   619.6   767.2  2458.0 12522.9  48342.7    48176
read      371.3   374.1   148.8   200.6   213.6   318.0   397.7   452.7   488.7   523.8   562.1   615.7   837.1  3917.6 12865.6  34960.3    34929
read      355.8   279.3   148.8   201.6   214.4   322.2   381.8   417.4   446.5   483.9   531.8   600.5   735.3  2188.4 11706.4  69773.0    69735
read      363.9   306.4   148.8   200.5   213.2   335.0   414.7   452.3   475.5   498.0   524.9   563.0   681.4  2995.7 14794.9  20691.6    20753
read      347.9   265.9   148.8   200.6   213.6   315.3   372.0   404.9   431.7   465.6   509.6   579.5   717.1  2371.7 10530.5  84682.6    84642
read      355.5   257.0   148.8   198.2   211.5   312.4   378.9   428.9   470.3   512.1   555.6   613.1   718.4  1683.1  9951.1  42271.4    42333
read      355.5   277.3   148.8   199.2   212.4   319.6   377.9   415.4   447.7   490.0   541.1   610.2   735.3  2602.0  8938.9  61487.9    61587
read      346.7   204.6   148.8   199.5   212.4   314.9   372.4   406.3   434.0   469.4   516.2   585.4   719.9  1938.0  7871.6  77921.1    77998
read      341.3   247.0   148.8   202.8   215.7   313.8   366.2   396.4   420.2   450.0   490.0   550.2   681.5  2210.2  7462.8  97594.3    97625
read      363.3   363.9   148.8   199.4   212.0   320.2   410.8   455.9   483.0   508.5   537.2   577.2   680.4  2785.4 15265.3  23811.0    23781
read      350.3   212.0   148.8   199.8   212.7   316.9   374.2   410.3   440.6   481.2   532.0   601.4   726.4  1862.2  7189.8  66748.1    66723
read      357.7   233.6   148.8   197.7   210.6   311.9   396.4   452.0   486.2   518.5   552.4   599.2   706.9  2008.0  7880.6  31028.6    31016
read      353.1   192.2   148.8   198.1   211.2   314.9   376.9   422.3   461.5   505.2   552.6   614.1   722.4  1587.5  7462.6  47409.6    47394
read      349.5   359.7   148.8   201.7   215.1   317.5   371.8   403.0   428.1   459.2   499.8   564.5   701.5  2888.4 14138.2  95353.9    95335
read      357.6   523.7   160.7   220.9   240.5   315.5   340.7   355.4   366.2   379.0   399.7   445.5  1193.2  8801.6 20672.0   5253.6     5252
read      351.6   243.0   148.8   198.4   211.5   317.8   374.9   410.7   439.9   479.5   528.7   595.4   721.0  2754.8  7929.6  65584.9    65908
read      358.6   332.5   148.8   200.5   213.0   338.4   403.6   433.5   453.6   474.5   498.6   533.5   634.9  3529.3 14118.6  16925.9    16889
read      355.0   267.3   148.8   196.9   210.2   312.8   376.9   424.3   463.8   505.7   549.2   607.6   723.8  2255.4 10809.3  42871.3    42912
read      339.6   184.0   148.8   200.2   213.8   314.0   366.1   396.1   419.5   448.3   487.5   547.4   688.9  1738.7  7684.5  99695.4    99898
read      356.9   316.9   148.8   196.7   209.3   313.8   400.2   446.9   476.2   503.8   534.9   576.9   677.8  3205.3 11858.1  26366.0    26385
read      391.0   352.0   148.8   197.4   211.0   343.1   432.4   477.2   504.3   536.7   585.7   710.7   974.1  3791.0 12751.1  22658.1    22616
read      499.9   587.4   148.8   197.8   212.8   342.7   460.9   556.9   658.5   829.3  1027.2  1263.5  1784.3  8050.4 17257.7  50639.9    50605
read      345.5   219.8   148.8   198.8   212.2   315.8   371.6   403.4   428.7   460.2   501.8   568.4   717.6  2524.7  8197.0  90287.3    90283
read      353.5   232.9   148.8   195.4   208.4   313.2   400.0   446.8   476.2   503.8   534.5   576.3   673.4  2019.3 10124.0  26199.4    26273
read      355.3   313.9   148.8   196.6   210.0   317.0   377.1   418.2   453.9   496.6   544.0   607.3   735.6  2395.5 13232.8  48491.6    48521
read      355.1   259.0   148.8   195.8   208.9   312.8   388.2   438.8   475.1   510.1   547.3   596.6   706.4  1661.4 12147.3  34099.9    34058
read      351.1   232.6   148.8   197.1   210.5   318.9   378.5   413.8   441.2   476.5   523.6   593.0   751.4  2192.5  8650.5  75618.0    75648
read      357.1   311.7   148.8   198.5   211.0   330.8   405.2   440.8   463.7   486.6   509.4   545.0   641.0  2983.9 12605.1  19462.7    19482
read      359.1   326.8   148.8   201.2   213.8   341.4   399.3   426.6   444.6   464.0   487.3   517.5   613.2  4003.5 15143.3  15064.9    15054
read      350.5   277.6   148.8   197.9   211.0   317.2   375.1   409.8   436.8   472.9   520.2   590.4   743.4  2273.7 12040.9  75600.7    75754
read      359.8   704.3   160.7   219.7   239.0   312.7   337.8   351.3   362.3   373.2   394.4   436.7  1474.3 10615.1 36779.3   5209.7     5187
read      364.8   475.2   148.8   198.6   211.8   335.7   404.2   435.6   456.5   478.2   501.8   537.5   642.7  4378.0 19949.1  17657.3    17656
read      346.0   285.3   148.8   201.3   214.7   316.0   370.3   401.4   426.1   456.7   497.4   560.9   695.1  2435.5 11230.6  96287.1    96343
read      352.9   190.9   148.8   197.0   210.0   311.9   383.9   435.1   473.7   511.1   551.3   603.7   707.1  1496.0  7720.4  36629.0    36665
read      352.1   225.1   148.8   200.2   213.8   318.3   375.6   409.7   436.3   471.4   516.4   587.2   771.8  2544.3  6210.7  85363.9    85269
read      353.8   228.0   148.8   196.1   209.0   309.9   391.5   444.4   480.1   512.6   546.7   592.2   688.3  1676.6  9706.3  31484.4    31525
read      356.9   247.4   148.8   198.5   211.8   322.8   382.8   420.3   452.0   492.8   542.9   613.9   766.5  1824.9  8884.3  61710.7    61798
read      365.5   326.6   160.7   207.2   222.1   352.4   397.7   419.4   433.3   450.9   469.8   502.0   624.1  5321.0 12729.1  12264.9    12253
read      362.5   240.8   148.8   199.0   212.2   323.6   412.3   457.9   485.4   512.0   542.2   586.6   690.3  2525.7  9146.4  25641.4    25710
read      371.8   226.6   148.8   204.2   218.6   332.1   398.5   440.4   473.0   512.8   565.9   651.3   885.8  2274.8  7626.8  80068.9    79937
read      368.3   349.7   160.7   225.8   245.7   346.8   376.0   392.1   402.2   417.8   435.2   471.0   680.0  4532.4 13396.4   7242.4     7271
read      347.3   173.0   148.8   203.7   217.7   318.7   376.7   411.6   438.5   472.3   515.4   579.5   699.6  1134.1  7869.4  85679.4    85861
read      345.5   165.9   148.8   202.9   216.4   317.5   374.4   408.7   435.1   468.6   511.1   575.7   701.7  1332.5  5144.9  91263.4    91467
read      351.4   162.7   148.8   200.5   214.2   320.8   383.6   422.2   453.0   490.2   535.1   597.5   716.8  1116.3  5323.7  72326.0    72217
read      362.3   218.3   148.8   201.3   214.9   321.3   409.0   461.8   492.7   522.2   551.6   592.9   679.1  1348.1  9327.6  31011.3    31080
read      345.0   166.9   148.8   199.9   213.2   316.5   375.5   411.9   440.0   475.4   519.4   579.0   687.5  1324.6  5507.6  76598.7    76878
read      347.2   162.6   148.8   200.2   213.7   318.9   378.9   414.6   441.9   476.6   520.5   583.7   707.6  1265.3  4652.2  84722.3    84584
read      360.3   296.4   148.8   208.8   223.5   353.7   399.3   420.7   434.2   451.4   469.6   499.7   578.9  3186.2 13702.8  12450.1    12492
read      354.6   221.7   148.8   199.7   213.5   321.6   383.3   423.5   457.4   498.0   543.0   600.6   699.9  1383.8  8965.2  57150.3    57106
read      339.6   170.4   148.8   201.0   214.6   314.8   368.9   400.4   425.5   456.4   497.0   556.3   677.7  1327.1  5940.8  96386.0    96245
read      361.4   430.0   160.7   219.5   239.0   334.9   362.6   376.4   388.4   400.3   420.1   456.1   666.7  7819.5 17731.7   6817.9     6791
read      345.6   165.8   148.8   200.2   213.8   318.8   377.7   411.6   437.0   469.0   508.8   573.2   701.3  1518.8  7315.7  90494.0    90728
read      349.1   453.6   160.7   223.2   243.8   319.8   343.0   357.1   367.0   379.2   398.3   435.5   670.6  7599.5 15565.5   5121.0     5151
read      343.8   158.7   148.8   198.4   211.9   316.8   376.2   410.9   436.9   470.6   512.3   574.1   692.4  1345.2  4752.4  82711.3    82969
read      354.7   203.3   148.8   198.5   212.3   319.1   387.9   434.7   472.2   509.4   547.4   596.4   692.9   996.5  8087.3  42779.4    42635
read      340.5   157.6   148.8   200.9   214.6   316.7   370.8   401.9   426.7   456.7   495.5   553.0   683.5  1198.6  6221.8  99285.7    99337
read      340.1   157.7   148.8   199.7   213.4   315.0   371.1   403.1   428.6   459.9   500.0   560.3   683.2   980.6  6661.0  95027.6    95192
read      348.6   182.0   148.8   197.3   211.3   320.8   382.1   418.8   447.4   482.8   525.7   584.8   700.5  1134.7  7433.4  69249.0    69200
read      354.9   184.5   148.8   198.1   212.4   322.7   387.9   430.5   465.6   504.2   545.9   600.5   702.1  1053.2  7645.5  49367.4    49459
read      360.9   238.3   148.8   198.5   212.5   320.5   409.4   457.8   487.6   515.8   544.3   585.6   678.6  1629.3 10161.3  16577.0    29055

Total QPS = 52119.8 (46907808 / 900.0s)

Total connections = 64
Misses = 0 (0.0%)
Skipped TXs = 0 (0.0%)

RX 11586228082 bytes :   12.3 MB/s
TX          0 bytes :    0.0 MB/s
Warning! Detected max cpu usage > 95%
CPU Usage Stats (avg/min/max): 99.97%,51.27%,100.00%