Random waveform, supplied seed
Total number of intervals = 90 (7434, 67201, 85927, 63953, 31595, 87879, 7287, 62295, 6561, 22532, 60653, 59076, 60154, 22964, 8172, 27652, 37594, 24367, 33771, 84944, 85666, 51918, 34406, 28664, 38289, 20658, 13840, 93419, 98284, 71313, 42089, 46458, 30755, 42889, 93552, 65694, 29574, 51355, 67361, 16287, 81508, 87619, 99068, 51267, 11822, 97494, 97350, 55460, 85984, 82043, 52873, 13911, 49984, 9274, 27187, 18735, 86505, 93039, 75999, 32324, 84255, 81759, 37291, 53818, 30297, 31569, 38927, 10652, 98119, 48176, 34929, 69735, 20753, 84642, 42333, 61587, 77998, 97625, 23781, 66723, 31016, 47394, 95335, 5252, 65908, 16889, 42912, 99898, 26385, 22616)
Average QPS expected = 51583
Timestamp start: 1714854391443
Timestamp end: 1714855291956

#type       avg     std     min      p5     p10     p50     p67     p75     p80     p85     p90     p95     p99    p999   p9999      QPS   target
read      432.4   898.6   160.7   223.6   242.1   372.3   420.7   446.0   463.2   484.3   509.4   559.3  1709.9 13051.8 35922.4   7450.0     7434
read      488.7   940.8   148.8   211.0   226.2   345.2   418.9   466.5   505.9   560.6   649.3  1089.5  2768.9 11554.3 35563.7  67035.4    67201
read      399.8   412.6   148.8   212.6   227.5   344.1   409.5   450.1   481.3   521.1   575.4   664.2  1457.8  4918.9 12812.1  85902.7    85927
read      381.7   377.8   148.8   206.5   220.0   331.2   397.4   438.5   472.1   517.1   574.2   652.8  1006.3  4930.8 11936.1  64091.9    63953
read      374.3   252.4   148.8   204.4   217.2   322.6   417.8   472.7   507.6   543.4   582.9   632.6   741.1  2625.4  8686.3  31596.4    31595
read      609.0   659.6   148.8   227.6   252.2   428.5   515.7   582.9   648.2   827.3  1527.7  1713.8  2413.5  6892.3 20171.7  87774.8    87879
read      353.8   397.0   160.7   220.1   235.0   333.9   363.2   378.1   389.6   401.0   419.3   446.9   585.0  6274.6 19345.6   7272.8     7287
read      351.8   189.8   148.8   202.5   214.5   319.1   384.2   423.1   453.9   491.6   537.0   598.8   715.8  1433.2  6761.2  62258.5    62295
read      345.4   350.8   160.7   216.3   233.2   323.3   350.1   365.3   374.8   389.5   404.2   435.6   671.6  5611.7 14179.1   6587.7     6561
read      441.8   549.7   160.7   204.5   217.4   371.9   470.9   524.6   568.9   631.7   716.3   827.0  1091.1  7545.3 30175.3  22474.5    22532
read      464.9   613.2   148.8   205.5   219.7   329.7   404.3   467.3   523.5   610.2   873.4  1285.3  1789.0  7473.8 27463.1  60611.8    60653
read      362.8   229.5   148.8   202.3   215.4   328.4   393.6   432.5   463.3   501.3   548.8   619.1   771.2  1862.1  8525.7  59283.0    59076
read      364.9   257.1   148.8   204.8   218.2   329.8   396.2   435.2   466.1   503.1   547.8   614.3   776.0  1931.1 11878.8  59997.2    60154
read      418.6   274.2   148.8   207.6   221.4   363.5   461.1   507.2   542.4   592.9   696.1   841.9  1061.6  1868.2  9065.5  23043.1    22964
read      420.5   592.5   160.7   214.9   232.6   372.9   436.1   468.3   491.3   516.5   547.2   594.0   985.8  8643.5 24742.6   8125.4     8172
read      486.4   449.3   160.7   206.5   221.0   374.0   518.6   627.1   723.1   813.2   905.6  1027.7  1253.6  4420.2 16100.9  27702.3    27652
read      497.1   467.9   160.7   207.0   221.4   348.7   481.3   589.9   733.6   885.3  1023.9  1188.4  1485.8  4950.0 14556.6  37555.6    37594
read      487.0   545.1   148.8   205.3   219.4   388.4   519.8   613.2   687.7   766.2   846.7   955.6  1247.4  6784.0 29722.9  24351.6    24367
read      489.4   456.9   148.8   205.5   219.6   358.3   496.1   607.5   720.1   834.2   951.2  1100.3  1402.1  4558.7 12966.5  33705.8    33771
read      640.9   674.8   148.8   232.8   261.1   447.8   542.0   614.4   690.3  1234.6  1577.3  1778.1  2572.9  6867.6 24859.5  85022.2    84944
read      364.1   217.3   148.8   206.3   220.5   332.5   395.0   432.3   461.1   496.1   541.7   615.6   779.6  1763.6  7297.4  85700.4    85666
read      369.5   243.4   148.8   203.8   216.6   332.8   400.7   444.3   479.0   520.7   570.3   636.5   759.5  2033.4  8568.5  51709.7    51918
read      377.5   210.4   148.8   204.6   218.1   329.4   420.1   476.0   514.0   552.7   594.6   649.0   767.5  1885.1  7145.1  34503.8    34406
read      431.7   309.3   148.8   209.5   223.8   359.7   472.9   532.2   572.5   623.2   713.3   885.9  1176.9  2830.0  9004.2  28695.8    28664
read      505.6   472.0   160.7   213.9   228.4   364.3   503.5   607.4   724.6   862.3  1002.2  1180.4  1516.4  5211.3 14441.0  38355.1    38289
read      484.7   504.1   160.7   216.1   231.3   416.3   530.0   603.2   658.1   720.8   791.4   893.6  1127.6  7035.3 21031.6  20712.5    20658
read      464.1   682.7   160.7   211.2   227.8   399.3   489.1   543.7   579.3   617.2   662.4   734.7  1383.0  8664.1 32665.8  13891.2    13840
read      714.5   727.2   160.7   281.4   321.6   492.3   606.9   691.1   799.7  1441.2  1623.9  1789.8  2659.4  8240.7 25044.7  93428.4    93419
read      372.5   211.4   148.8   212.0   228.5   344.3   402.2   437.1   464.2   497.2   540.5   609.8   765.6  1898.9  8351.5  98259.4    98284
read      369.2   215.8   148.8   207.8   221.6   329.1   395.2   435.1   467.6   508.9   564.7   641.1   807.6  2254.8  7894.3  71340.1    71313
read      386.4   259.2   148.8   208.3   222.8   336.2   417.4   473.0   516.4   563.4   614.1   676.1   805.5  2195.5  9996.0  42060.4    42089
read      409.0   261.0   148.8   209.0   223.5   339.2   423.3   483.9   531.6   586.1   653.2   805.6  1330.1  1919.9  6306.9  46577.8    46458
read      496.3   522.0   160.7   210.5   225.4   391.3   532.3   629.8   714.2   801.7   896.9  1024.7  1287.2  4655.1 21435.1  30708.6    30755
read      493.8   439.6   160.7   210.9   225.4   351.2   483.8   586.2   697.6   849.5  1001.4  1188.4  1526.4  4278.8 12912.5  43027.9    42889
read      581.0   514.2   148.8   230.4   256.4   419.6   505.9   572.1   628.8   731.6  1476.4  1703.0  2036.5  2982.9 12026.3  93594.2    93552
read      369.8   211.8   148.8   207.4   220.9   331.4   398.3   439.9   472.7   514.5   568.6   641.5   796.4  2097.3  7129.1  65834.4    65694
read      376.0   282.2   148.8   205.1   218.1   321.8   420.6   475.0   508.1   541.8   579.7   629.1   747.4  3213.8  9856.6  29653.7    29574
read      416.6   304.6   148.8   207.6   221.6   335.4   415.1   475.1   525.4   585.3   667.3   938.2  1468.6  2157.1  7725.9  51483.8    51355
read      444.6   363.3   148.8   212.4   227.4   342.3   420.1   478.7   528.8   596.9   725.7  1131.6  1788.8  2664.5  9675.0  67327.0    67361
read      379.2   288.2   160.7   211.4   224.2   363.1   432.6   462.9   482.4   502.8   528.8   565.5   674.9  3197.2 12269.5  16404.2    16287
read      364.8   248.4   148.8   208.5   222.2   328.8   393.0   431.2   461.2   497.6   544.2   617.2   768.1  2371.8  8273.4  81464.1    81508
read      374.2   258.2   148.8   211.4   226.1   339.1   401.7   440.0   469.5   505.7   553.0   628.7   795.5  2811.1  8599.4  87759.8    87619
read      371.5   271.3   148.8   210.7   226.8   339.8   397.8   432.8   460.3   494.3   539.4   611.4   782.5  2428.7  9887.6  99018.2    99068
read      434.3   352.4   148.8   208.3   222.4   338.3   421.3   485.9   539.0   607.4   722.8  1080.0  1561.3  2739.6 10352.8  51391.3    51267
read      427.3   505.6   160.7   213.3   228.5   383.4   457.7   497.0   524.6   555.4   593.3   653.8  1007.9  6600.9 18451.5  11748.4    11822
read      525.3   474.3   148.8   222.9   245.5   401.1   475.1   529.6   574.3   635.5   789.9  1618.4  1991.8  2982.9 12218.9  97495.0    97494
read      352.5   206.8   148.8   206.6   221.1   325.1   380.1   412.5   436.9   468.0   509.5   578.4   720.5  1952.9  6365.5  97394.7    97350
read      365.3   238.9   148.8   202.6   215.2   329.4   395.1   434.3   465.1   503.5   554.0   626.8   782.8  2176.7  7730.9  55480.2    55460
read      361.7   240.7   148.8   206.6   220.7   328.1   389.6   425.7   453.5   487.5   533.0   603.9   759.1  2382.5  7361.8  86058.8    85984
read      356.9   246.6   148.8   204.1   217.5   324.0   385.7   421.7   449.4   483.8   530.4   601.9   746.7  2031.7  9362.8  82115.5    82043
read      374.5   267.9   148.8   205.3   218.9   332.4   402.4   448.8   486.0   530.7   583.4   652.7   788.5  2222.0 10752.8  52781.2    52873
read      433.1   571.8   160.7   209.3   224.6   381.6   456.5   501.4   535.9   575.2   621.6   687.2   996.5  8071.4 28878.2  13989.9    13911
read      485.8   449.4   148.8   209.1   223.6   339.0   442.4   536.4   633.9   833.9  1037.4  1263.4  1605.8  4359.0 13239.1  49993.7    49984
read      425.3   812.3   160.7   208.4   223.9   365.1   429.6   461.8   484.0   508.4   540.2   587.0  1377.4 12048.2 35564.1   9285.8     9274
read      501.8   787.2   160.7   206.6   220.5   387.4   514.9   605.1   680.9   762.0   845.7   960.6  1370.4 11858.3 33780.8  27068.3    27187
read      468.0   597.7   160.7   206.8   222.1   402.1   502.2   568.0   614.6   663.8   721.3   800.4  1067.2  8049.1 30187.8  18637.5    18735
read      669.8   673.0   148.8   235.8   267.0   439.8   534.0   628.2   795.6  1456.7  1623.0  1769.6  2610.6  5850.5 19394.6  86527.7    86505
read      361.4   267.9   148.8   209.2   223.4   328.4   387.1   422.2   449.5   483.4   528.8   597.6   745.7  2540.9  9326.7  93186.0    93039
read      354.8   223.4   148.8   203.9   216.7   321.4   383.7   420.7   449.5   485.1   532.4   601.7   733.8  2009.2  7661.8  75958.9    75999
read      370.7   260.5   148.8   203.1   215.5   320.9   409.6   463.1   497.5   533.6   573.8   625.1   744.0  2348.3  9372.6  32438.3    32324
read      367.8   243.9   148.8   208.0   222.0   329.1   391.0   427.9   456.9   493.1   541.1   618.0   855.2  2694.4  6797.2  84344.1    84255
read      578.2   561.9   148.8   218.2   235.7   399.0   468.2   525.6   587.1   789.2  1537.9  1736.2  2554.5  4083.4 12209.6  81714.7    81759
read      393.6   299.8   148.8   206.3   220.8   333.9   418.9   474.7   514.5   556.4   603.8   670.6  1396.3  2889.4 10137.1  37289.6    37291
read      376.7   238.8   148.8   205.7   219.3   337.1   407.1   452.5   489.3   533.4   587.2   658.8   801.7  1907.1  9269.6  53821.6    53818
read      396.9   286.1   148.8   204.9   217.9   335.5   435.5   490.0   525.0   563.5   615.3   736.7  1080.4  3055.5 11226.8  30306.6    30297
read      497.3   630.1   148.8   207.6   221.7   375.2   516.1   617.3   709.5   800.2   895.7  1023.4  1331.7  7824.9 30735.7  31528.6    31569
read      493.4   553.4   148.8   206.3   220.4   354.6   491.9   591.2   702.1   828.3   954.7  1118.2  1449.2  6940.9 25842.3  38908.9    38927
read      366.2   369.5   160.7   215.1   229.3   355.3   395.0   414.3   427.1   441.5   461.0   491.6   587.1  4538.3 16170.9  10659.2    10652
read      355.3   160.5   148.8   209.1   223.9   329.3   386.4   420.0   445.4   475.8   516.3   579.9   730.4  1459.7  4824.7  98005.7    98119
read      359.3   196.6   148.8   203.0   215.9   329.0   397.8   438.9   470.7   506.6   544.4   591.9   688.1  1425.9  8493.4  48192.0    48176
read      359.8   230.9   148.8   202.9   215.8   326.1   401.0   446.5   476.7   507.3   539.0   581.1   671.1  1831.4 10159.5  34984.3    34929
read      356.4   160.0   148.8   203.7   217.2   329.9   395.2   432.4   460.8   494.2   534.3   589.5   706.5  1139.2  4460.3  69747.1    69735
read      362.2   273.1   148.8   206.2   220.0   344.4   416.5   447.6   466.3   486.3   506.8   538.5   604.2  1935.8 12835.4  20672.4    20753
read      349.7   157.8   148.8   204.4   218.2   323.5   384.2   419.2   445.6   477.1   517.6   576.6   693.6  1240.0  5037.1  84694.0    84642
read      362.9   195.9   148.8   203.0   216.2   332.2   403.7   448.1   480.3   515.0   550.5   596.7   693.2  1529.4  7820.2  42290.8    42333
read      358.6   193.9   148.8   203.6   217.1   331.5   397.5   435.0   464.3   498.4   538.2   590.8   704.2  1247.4  7942.6  61563.9    61587
read      355.8   180.0   148.8   204.8   218.7   328.6   393.4   430.0   457.8   490.5   530.8   588.7   712.8  1082.3  4315.8  78006.6    77998
read      351.7   154.9   148.8   207.9   222.7   327.9   385.2   418.6   443.7   473.5   512.9   573.0   688.6   938.1  4553.3  97670.1    97625
read      362.7   237.1   148.8   204.5   218.3   336.1   417.6   455.0   477.4   499.5   525.2   558.0   636.3  1847.2 11728.8  23859.0    23781
read      356.7   189.7   148.8   203.0   216.2   326.9   393.8   432.4   461.9   496.8   538.6   594.0   710.0  1341.5  6655.5  66871.7    66723
read      359.2   199.2   148.8   202.9   215.7   326.7   406.2   451.0   478.5   505.5   534.8   574.7   661.6  1826.6  8784.9  31057.8    31016
read      362.3   187.8   148.8   202.9   216.2   331.6   401.3   444.5   476.5   512.9   551.9   603.3   696.0  1385.5  7632.5  47244.6    47394
read      349.1   166.5   148.8   208.4   222.8   323.4   380.9   414.4   439.1   469.5   508.5   568.6   684.6  1002.0  5204.7  95157.2    95335
read      356.0   507.6   173.5   228.1   249.5   326.6   349.6   363.1   371.6   384.4   399.6   431.2   876.9  7577.9 18908.7   5244.8     5252
read      360.0   164.0   148.8   206.0   220.0   329.0   397.0   436.4   467.2   504.4   547.9   605.6   707.7  1294.4  5040.3  65700.9    65908
read      369.6   242.4   160.7   211.5   225.5   361.4   427.3   453.9   470.0   488.2   506.7   537.4   594.0  1960.6  9758.5  16906.3    16889
read      365.6   211.3   148.8   204.4   218.2   329.8   404.8   452.7   487.5   524.1   562.2   609.7   697.3  1738.5  7103.6  42749.9    42912
read      354.0   156.0   148.8   212.0   226.7   330.2   386.2   418.9   443.4   472.8   511.6   572.4   691.2   977.1  4321.1  99912.9    99898
read      371.6   271.1   148.8   206.7   221.2   335.4   430.8   472.8   497.5   522.5   547.8   585.2   659.9  1840.3 10585.1  26355.8    26385
read      372.7   224.2   148.8   208.2   222.6   346.1   436.9   472.4   493.7   515.6   539.1   572.5   636.4  1857.2  9303.0  22521.6    22616

Total QPS = 51587.6 (46428872 / 900.0s)

Total connections = 64
Misses = 0 (0.0%)
Skipped TXs = 0 (0.0%)

RX 11467931137 bytes :   12.2 MB/s
TX          0 bytes :    0.0 MB/s
Warning! Detected max cpu usage > 95%
CPU Usage Stats (avg/min/max): 99.96%,49.25%,100.00%