Random waveform, supplied seed
Total number of intervals = 90 (7434, 67201, 85927, 63953, 31595, 87879, 7287, 62295, 6561, 22532, 60653, 59076, 60154, 22964, 8172, 27652, 37594, 24367, 33771, 84944, 85666, 51918, 34406, 28664, 38289, 20658, 13840, 93419, 98284, 71313, 42089, 46458, 30755, 42889, 93552, 65694, 29574, 51355, 67361, 16287, 81508, 87619, 99068, 51267, 11822, 97494, 97350, 55460, 85984, 82043, 52873, 13911, 49984, 9274, 27187, 18735, 86505, 93039, 75999, 32324, 84255, 81759, 37291, 53818, 30297, 31569, 38927, 10652, 98119, 48176, 34929, 69735, 20753, 84642, 42333, 61587, 77998, 97625, 23781, 66723, 31016, 47394, 95335, 5252, 65908, 16889, 42912, 99898, 26385, 22616)
Average QPS expected = 51583
Timestamp start: 1714852301148
Timestamp end: 1714853201682

#type       avg     std     min      p5     p10     p50     p67     p75     p80     p85     p90     p95     p99    p999   p9999      QPS   target
read      403.6   600.7   160.7   214.9   232.0   362.8   410.1   435.5   454.2   473.9   503.5   549.9  1129.0  9679.7 29765.4   7470.2     7434
read      474.2   586.3   148.8   209.8   225.0   350.6   427.9   484.9   534.6   603.2   731.3  1239.2  2169.5  6738.3 25409.4  67140.4    67201
read      379.2   380.3   148.8   206.7   220.6   329.5   389.7   426.0   454.8   491.6   542.2   625.5  1341.0  4883.4 11764.1  85823.4    85927
read      377.1   375.6   148.8   205.4   218.4   331.2   396.6   436.3   469.1   510.6   565.0   641.8   871.5  4348.1 12514.8  64089.7    63953
read      376.7   379.3   148.8   202.6   214.4   322.1   409.8   464.4   499.6   536.5   578.2   631.7   811.7  3715.7 12772.8  31644.6    31595
read      610.1   647.2   148.8   226.4   250.4   426.3   513.4   581.8   654.3   842.9  1539.1  1748.9  2518.9  5860.0 18759.9  87871.8    87879
read      363.7   587.6   160.7   219.4   235.1   333.9   363.3   378.5   390.3   402.1   421.9   454.3   690.1  7965.6 30399.2   7292.2     7287
read      363.0   304.5   148.8   204.0   216.7   324.0   388.5   427.8   459.6   499.1   547.9   618.6   777.4  2176.3 13690.1  62255.4    62295
read      373.8   629.8   160.7   213.9   231.7   329.0   360.7   378.6   393.3   410.4   435.8   484.5  1600.6  8271.0 29687.5   6574.9     6561
read      498.5   784.4   160.7   203.8   216.9   396.3   511.0   589.6   650.3   718.0   791.9   898.9  1690.0 11074.9 31736.4  22483.7    22532
read      437.1   415.7   148.8   201.9   216.3   333.8   406.7   464.3   515.8   589.1   735.6  1136.8  1698.8  3574.6 14068.8  60567.9    60653
read      357.3   232.5   148.8   202.6   214.5   321.8   385.9   424.7   456.4   495.2   541.4   606.6   747.2  1869.9  8900.8  58957.7    59076
read      363.2   217.8   148.8   204.3   217.3   328.6   393.1   432.1   463.6   501.4   546.8   615.4   783.3  2162.4  7804.8  59982.4    60154
read      408.9   334.6   148.8   207.9   222.7   372.4   457.1   498.3   527.7   563.4   616.5   706.4   934.2  2874.5 11117.6  22899.9    22964
read      384.9   404.9   160.7   207.5   224.7   356.5   404.2   429.3   447.0   466.5   494.0   537.0   878.4  5800.2 15974.0   8228.7     8172
read      483.5   455.6   148.8   204.7   219.7   380.0   514.8   611.1   698.3   794.6   893.2  1020.0  1271.2  4751.7 14009.3  27784.3    27652
read      503.4   491.2   148.8   207.6   222.9   360.0   498.0   604.7   726.6   870.6  1015.0  1187.8  1498.5  4916.0 14755.6  37594.4    37594
read      502.2   633.2   160.7   208.4   223.5   401.6   531.1   620.5   693.0   772.3   855.9   974.7  1315.4  7558.8 30777.3  24402.9    24367
read      496.2   381.3   160.7   210.5   225.0   367.6   513.9   622.9   739.2   860.6   982.1  1131.8  1376.9  3367.7 11145.8  33672.5    33771
read      624.4   712.3   148.8   226.2   250.0   432.7   517.1   583.7   656.8   866.7  1578.9  1790.7  2560.0  8293.3 23425.5  84900.3    84944
read      361.8   233.4   148.8   207.9   221.7   329.5   391.0   427.3   455.3   489.6   535.5   606.7   759.3  1979.7  9921.5  85491.9    85666
read      371.3   209.4   148.8   204.5   217.7   333.4   401.8   447.5   484.8   530.1   582.8   652.5   787.7  1654.1  7737.5  51994.3    51918
read      382.7   286.5   148.8   207.9   222.4   338.1   418.0   469.8   506.2   543.7   587.3   645.9   797.0  2609.4 11317.1  34348.0    34406
read      431.5   373.1   148.8   206.1   220.5   351.8   454.6   512.3   554.1   612.6   731.5   923.0  1214.0  4366.6 12062.6  28701.5    28664
read      497.6   420.1   148.8   207.9   222.6   352.7   491.9   602.0   743.4   892.0  1029.4  1192.1  1469.4  3375.8 10735.8  38234.1    38289
read      463.9   374.4   160.7   212.1   227.3   408.0   512.9   578.7   628.5   686.7   760.8   860.7  1088.8  3317.3 11015.3  20706.0    20658
read      468.0   678.3   160.7   209.7   225.3   400.8   491.0   543.9   579.3   617.1   661.9   732.8  1573.5 10433.6 30667.5  13853.4    13840
read      699.6   605.8   160.7   267.8   304.5   481.7   591.2   693.1   827.3  1451.9  1634.0  1792.4  2631.2  4847.3 14222.5  93324.2    93419
read      366.5   233.0   148.8   212.6   227.6   337.4   393.9   427.8   454.2   486.5   529.8   596.3   753.5  2303.7  7142.7  98393.2    98284
read      362.4   248.8   148.8   205.0   217.7   324.1   386.8   424.8   455.7   494.8   545.5   621.8   791.7  2608.5  7834.8  71174.3    71313
read      369.3   241.9   148.8   203.0   215.1   327.0   398.1   448.1   486.9   529.3   577.8   638.4   773.9  2028.9  8289.6  42075.9    42089
read      412.8   336.7   148.8   205.6   219.0   339.1   416.4   471.8   517.5   571.8   642.6   866.9  1459.0  2380.1  8922.9  46416.1    46458
read      501.9   525.9   160.7   207.2   221.2   373.7   525.5   637.9   744.9   840.5   940.4  1078.0  1366.3  5448.3 24333.7  30776.5    30755
read      498.2   432.0   160.7   207.4   221.9   343.3   466.9   576.5   719.9   898.5  1057.6  1247.0  1556.3  4478.6 11018.1  42807.0    42889
read      588.1   576.4   148.8   230.3   255.7   429.5   518.0   577.9   633.2   743.9  1454.2  1710.8  2084.3  4555.6 15738.3  93563.2    93552
read      364.2   254.9   148.8   204.0   216.0   327.7   390.5   428.4   459.4   498.4   549.7   626.9   791.0  2802.8  9236.8  65584.9    65694
read      369.1   265.8   148.8   203.3   215.3   325.3   410.5   460.4   492.3   526.0   564.2   617.1   743.0  2158.6 10410.6  29654.9    29574
read      425.9   360.8   148.8   204.1   217.4   335.9   410.1   466.9   513.5   575.6   669.6  1062.3  1629.1  3266.1  9545.1  51321.2    51355
read      441.5   399.1   148.8   207.0   221.6   336.8   408.5   464.0   510.1   577.7   713.2  1182.1  1838.1  2946.2 10833.3  67313.6    67361
read      362.6   361.0   160.7   204.7   216.5   344.2   407.0   435.8   454.2   472.8   498.5   536.3   636.5  3705.4 12887.3  16238.8    16287
read      353.7   184.5   148.8   202.6   215.1   322.2   381.8   417.2   444.5   478.8   526.5   600.0   769.0  1999.6  6064.9  81385.6    81508
read      613.1   631.3   148.8   225.9   250.8   429.3   525.6   602.4   677.4   813.2  1525.8  1749.4  2669.3  4985.0 18748.9  87626.6    87619
read      352.4   191.8   148.8   207.3   221.4   325.9   380.7   412.9   437.3   468.5   509.7   576.5   717.1  1738.0  7801.2  98968.5    99068
read      375.1   307.6   148.8   202.5   214.6   333.3   399.0   441.1   473.7   514.6   567.2   640.1   890.2  3757.3  9891.8  51377.6    51267
read      357.8   425.1   160.7   205.6   217.9   341.6   386.7   408.2   423.0   438.2   459.8   492.0   599.6  4057.6 22837.0  11811.5    11822
read      359.2   230.0   148.8   206.9   221.3   327.9   384.3   417.8   443.4   475.1   519.3   590.3   777.9  2400.7  7819.1  97331.4    97494
read      350.9   210.4   148.8   206.5   220.3   321.3   376.8   409.9   435.4   467.5   510.3   580.8   725.2  1929.8  7799.5  97466.2    97350
read      363.1   257.8   148.8   201.2   213.2   322.9   388.3   430.4   465.3   508.5   564.0   633.0   776.6  2099.2  8942.1  55409.6    55460
read      594.8   573.7   148.8   218.4   239.2   414.1   497.0   562.9   636.0   830.9  1537.8  1755.5  2625.6  3186.3 12778.0  85896.4    85984
read      352.5   235.7   148.8   203.3   215.6   320.9   380.9   416.0   442.7   476.3   522.3   592.1   741.6  1927.8  7482.3  81963.3    82043
read      362.7   222.6   148.8   201.1   213.1   326.2   390.5   431.2   465.0   506.3   557.1   626.8   781.2  1920.4  8644.0  52898.9    52873
read      403.1   514.0   160.7   207.1   220.5   368.1   429.4   460.6   483.9   512.7   556.6   632.9   846.6  7034.8 28461.8  13964.4    13911
read      493.2   447.2   148.8   208.7   223.9   345.5   461.3   558.9   655.7   822.1  1020.0  1272.8  1676.7  4424.7 12183.5  49900.5    49984
read      462.7  1018.6   160.7   216.3   232.5   388.0   452.8   485.6   507.7   533.4   563.8   611.4  1827.1 12706.3 36797.5   9241.9     9274
read      488.7   473.6   160.7   208.8   223.8   402.8   531.2   616.0   686.6   764.0   846.9   967.9  1261.6  5520.9 14815.7  27117.1    27187
read      478.2   656.7   160.7   206.5   222.4   411.7   511.1   574.8   620.0   668.7   725.4   802.2  1090.4  9012.1 31277.8  18691.2    18735
read      671.1   688.5   148.8   233.9   262.2   446.6   536.3   619.8   768.5  1457.4  1644.1  1805.4  2676.0  6298.8 20354.7  86482.5    86505
read      350.7   219.9   148.8   204.8   218.8   320.9   376.5   409.4   434.8   467.0   510.0   580.8   734.2  1912.3  8346.2  92916.1    93039
read      360.8   258.2   148.8   205.0   218.6   321.6   383.4   421.2   451.6   491.0   543.8   623.4   790.7  2479.6  8028.7  75964.9    75999
read      374.7   264.2   148.8   203.3   215.8   320.1   417.2   474.1   510.6   547.4   586.2   636.1   757.5  2495.4  9915.2  32334.4    32324
read      532.8   518.7   148.8   212.6   229.0   379.0   453.0   503.1   549.6   639.8  1400.3  1696.7  2427.5  3026.8 10857.5  84367.0    84255
read      429.2   323.6   148.8   211.8   227.6   360.6   432.0   479.1   518.6   570.0   638.1   767.7  1788.6  2923.0  9528.1  81723.5    81759
read      371.6   395.8   148.8   200.5   212.7   314.1   396.8   455.1   495.6   536.7   579.6   631.6   744.1  4388.2 12895.4  37298.5    37291
read      362.3   228.8   148.8   203.3   215.5   322.5   388.5   431.7   468.7   515.5   569.4   635.1   761.5  1774.1  7055.8  53746.2    53818
read      453.1   419.4   160.7   206.4   220.1   359.2   479.6   548.4   605.4   693.6   814.3   957.8  1235.2  4926.7 12258.3  30374.5    30297
read      493.7   585.3   148.8   207.6   221.7   379.5   518.0   614.3   706.4   800.7   897.0  1027.4  1317.6  6506.2 30208.7  31533.2    31569
read      437.2   342.6   148.8   205.8   220.0   343.6   452.8   521.3   569.5   637.9   796.0   998.4  1312.7  2475.9 10258.5  38912.4    38927
read      358.6   326.5   160.7   216.9   230.3   350.9   390.1   408.3   421.1   433.8   452.6   475.7   546.6  3798.8 16065.3  10680.2    10652
read      342.9   147.1   148.8   207.7   221.8   318.7   372.3   403.4   428.2   457.9   496.8   553.7   669.5   956.7  5607.4  98158.9    98119
read      352.0   204.5   148.8   200.7   213.4   315.7   383.6   429.4   465.5   506.7   548.2   594.1   680.0  1274.3  6786.2  48226.3    48176
read      356.0   220.5   148.8   200.6   213.6   316.9   396.5   446.3   478.3   509.7   542.1   583.3   667.0  1843.2  7891.2  34934.7    34929
read      354.0   174.4   148.8   202.1   215.5   322.4   385.1   422.3   451.0   486.0   530.0   590.9   750.3  1692.1  6025.1  69666.0    69735
read      362.7   230.0   148.8   206.4   220.4   340.8   422.0   454.8   474.3   494.3   516.4   545.2   614.3  1879.0 11089.7  20851.3    20753
read      345.9   153.9   148.8   204.9   218.5   318.2   376.9   412.1   438.7   471.7   515.0   574.9   683.5  1148.6  4413.2  84683.4    84642
read      354.0   191.8   148.8   200.7   213.5   318.5   390.4   436.9   471.9   508.6   544.8   589.0   675.1  1282.4  7164.8  42327.2    42333
read      343.9   179.5   148.8   200.2   212.9   316.4   376.8   413.2   441.0   475.3   517.4   571.7   665.8  1012.9  6847.6  61531.7    61587
read      344.8   165.8   148.8   202.3   215.2   318.7   378.4   412.8   438.1   469.4   509.3   568.5   682.8  1159.2  5019.1  78158.1    77998
read      353.7  1536.3   148.8   204.7   219.3   318.9   372.5   403.0   427.0   455.4   492.9   550.8   686.2  1150.5  8180.2  97684.6    97625
read      356.5   212.3   148.8   203.2   216.9   332.0   407.7   441.1   462.1   485.3   511.0   547.3   629.7  1938.5  8684.1  23771.6    23781
read      351.8   175.1   148.8   203.1   216.4   324.0   386.3   422.5   450.4   484.5   527.6   586.3   697.5  1127.0  7163.3  66680.8    66723
read      359.3   203.2   148.8   203.4   216.9   323.0   407.2   452.2   480.1   508.3   538.7   579.0   659.1  1785.5  8776.5  31021.2    31016
read      355.0   185.9   148.8   200.9   214.0   321.1   389.8   432.5   465.5   503.2   545.3   597.2   690.7  1461.9  8047.9  47330.2    47394
read      341.7   161.5   148.8   206.5   220.3   316.7   371.1   402.7   427.7   457.7   496.8   553.8   670.8  1058.7  5642.3  95212.6    95335
read      348.4   475.1   173.5   225.6   246.2   319.9   342.9   356.1   365.3   374.5   392.7   424.0   634.9  6572.0 21713.9   5257.1     5252
read      351.6   158.0   148.8   205.2   219.4   320.7   383.9   422.0   452.1   489.2   533.8   588.5   686.8  1267.6  4816.4  65937.6    65908
read      361.3   260.5   137.8   209.6   224.4   350.0   409.3   434.8   451.4   468.1   490.5   520.6   592.7  2399.8 12073.6  16922.9    16889
read      358.2   203.1   148.8   202.0   214.9   325.8   396.2   438.9   470.2   504.8   542.4   590.6   690.0  1775.7  8465.5  42988.4    42912
read      341.3   152.2   148.8   205.3   219.6   318.6   371.5   402.1   426.1   454.8   492.5   548.7   671.7   998.1  4588.0  99831.5    99898
read      355.7   245.2   148.8   203.0   216.1   323.7   405.9   444.7   468.1   491.9   518.1   550.5   627.9  1872.3 11997.0  26366.4    26385
read      360.6   240.0   148.8   204.8   218.5   332.6   415.4   450.6   471.6   493.0   516.6   547.3   629.0  2022.5 10110.0  22635.1    22616

Total QPS = 51568.6 (46411720 / 900.0s)

Total connections = 64
Misses = 0 (0.0%)
Skipped TXs = 0 (0.0%)

RX 11463694840 bytes :   12.1 MB/s
TX          0 bytes :    0.0 MB/s
Warning! Detected max cpu usage > 95%
CPU Usage Stats (avg/min/max): 99.97%,49.49%,100.00%