1715521252.6937: [0.0, 0.0, 0.0, 0.0]
1715521252.944238: [0.0, 4.0, 0.0, 0.0]
1715521253.194799: [0.0, 0.0, 0.0, 0.0]
1715521253.445369: [0.0, 0.0, 0.0, 0.0]
1715521253.695937: [0.0, 0.0, 0.0, 0.0]
1715521253.946557: [0.0, 0.0, 0.0, 0.0]
1715521254.197185: [0.0, 0.0, 0.0, 0.0]
1715521254.447752: [0.0, 0.0, 0.0, 0.0]
1715521254.69833: [0.0, 0.0, 0.0, 0.0]
1715521254.948884: [0.0, 0.0, 0.0, 0.0]
1715521255.199476: [0.0, 0.0, 0.0, 0.0]
1715521255.450031: [4.0, 0.0, 4.0, 3.8]
1715521255.700616: [0.0, 0.0, 0.0, 0.0]
1715521255.951149: [3.8, 0.0, 0.0, 0.0]
1715521256.201701: [0.0, 0.0, 0.0, 0.0]
1715521256.452264: [0.0, 0.0, 0.0, 0.0]
1715521256.702793: [4.0, 0.0, 0.0, 0.0]
1715521256.953413: [0.0, 0.0, 0.0, 3.8]
1715521257.203976: [4.0, 7.7, 0.0, 3.8]
1715521257.454541: [7.7, 4.0, 4.0, 0.0]
1715521257.705072: [14.8, 7.7, 10.7, 7.4]
1715521257.955485: [14.3, 8.0, 4.0, 0.0]
1715521258.206028: [14.8, 20.0, 7.7, 4.0]
1715521258.456552: [14.3, 11.5, 0.0, 0.0]
1715521258.707074: [11.5, 11.1, 4.0, 4.0]
1715521258.957591: [14.3, 11.5, 7.4, 0.0]
1715521259.208119: [11.5, 20.0, 11.1, 4.0]
1715521259.45859: [11.1, 14.8, 7.7, 0.0]
1715521259.709147: [14.8, 17.2, 7.7, 0.0]
1715521259.959688: [11.5, 14.8, 7.7, 4.0]
1715521260.210235: [23.3, 20.7, 4.0, 4.2]
1715521260.460801: [14.8, 14.8, 7.4, 3.8]
1715521260.711431: [4.0, 17.2, 7.7, 4.0]
1715521260.962013: [28.1, 20.7, 17.2, 0.0]
1715521261.212557: [20.7, 23.3, 7.4, 7.7]
1715521261.462903: [17.2, 20.7, 4.0, 0.0]
1715521261.713449: [17.9, 17.2, 7.7, 4.0]
1715521261.964017: [17.9, 20.7, 14.3, 0.0]
1715521262.214569: [7.7, 4.2, 11.1, 0.0]
1715521262.46515: [0.0, 0.0, 0.0, 0.0]
1715521262.715641: [0.0, 3.8, 3.8, 0.0]
1715521262.966204: [0.0, 0.0, 3.8, 0.0]
1715521263.216719: [0.0, 0.0, 0.0, 0.0]
1715521263.46733: [0.0, 0.0, 0.0, 0.0]
1715521263.71798: [3.8, 0.0, 0.0, 0.0]
1715521263.968549: [0.0, 4.0, 0.0, 3.8]
1715521264.21908: [18.5, 17.9, 0.0, 0.0]
1715521264.469635: [28.1, 18.5, 17.9, 4.0]
1715521264.720425: [18.5, 17.9, 11.1, 4.2]
1715521264.970781: [20.7, 21.4, 14.3, 0.0]
1715521265.221307: [21.4, 17.9, 14.3, 4.0]
1715521265.471845: [20.7, 21.4, 14.3, 0.0]
1715521265.72238: [23.3, 20.7, 17.2, 4.2]
1715521265.972907: [21.4, 21.4, 14.3, 14.3]
1715521266.223598: [8.0, 24.1, 7.7, 8.0]
1715521266.474164: [29.0, 17.9, 14.3, 0.0]
1715521266.724707: [14.8, 18.5, 7.7, 4.0]
1715521266.975244: [24.1, 17.9, 11.1, 7.7]
1715521267.225789: [25.8, 14.8, 20.0, 0.0]
1715521267.476319: [15.4, 15.4, 7.7, 0.0]
1715521267.726768: [14.8, 18.5, 11.1, 0.0]
1715521267.977308: [26.7, 20.7, 4.0, 7.7]
1715521268.228001: [17.9, 24.1, 7.7, 4.0]
1715521268.47868: [24.1, 14.8, 7.7, 4.0]
1715521268.729218: [17.9, 31.3, 11.1, 0.0]
1715521268.979734: [12.0, 12.0, 11.1, 7.7]
1715521269.230352: [3.8, 0.0, 0.0, 0.0]
1715521269.480959: [0.0, 0.0, 0.0, 3.8]
1715521269.731525: [0.0, 0.0, 0.0, 0.0]
1715521269.98208: [3.8, 3.8, 0.0, 0.0]
1715521270.232644: [4.0, 3.8, 4.0, 0.0]
1715521270.483238: [0.0, 0.0, 3.8, 0.0]
1715521270.733787: [0.0, 0.0, 0.0, 0.0]
1715521270.984314: [24.1, 11.5, 11.1, 4.0]
1715521271.234721: [22.2, 27.6, 14.8, 8.0]
1715521271.485275: [18.5, 21.4, 11.1, 7.7]
1715521271.735884: [18.5, 22.2, 4.0, 4.2]
1715521271.986465: [18.5, 19.2, 20.7, 0.0]
1715521272.237029: [22.2, 24.1, 11.1, 11.1]
1715521272.487668: [15.4, 12.0, 11.1, 0.0]
1715521272.738185: [15.4, 22.2, 11.1, 0.0]
1715521272.988796: [12.5, 15.4, 4.0, 4.2]
1715521273.239469: [15.4, 19.2, 8.0, 4.0]
1715521273.490008: [18.5, 12.0, 14.3, 0.0]
1715521273.74056: [16.0, 30.0, 7.7, 8.0]
1715521273.9911: [29.0, 30.0, 14.3, 7.7]
1715521274.241624: [15.4, 24.1, 14.3, 4.2]
1715521274.49225: [22.2, 25.0, 14.8, 4.0]
1715521274.74276: [12.0, 15.4, 11.1, 0.0]
1715521274.993274: [24.1, 22.2, 7.7, 7.7]
1715521275.244009: [21.4, 18.5, 20.0, 4.0]
1715521275.494656: [27.6, 22.2, 14.8, 4.2]
1715521275.74519: [19.2, 12.5, 4.2, 4.2]
1715521275.995705: [11.5, 14.8, 8.0, 11.1]
1715521276.246293: [0.0, 0.0, 0.0, 0.0]
1715521276.496851: [0.0, 0.0, 0.0, 0.0]
1715521276.7474: [0.0, 0.0, 3.8, 0.0]
1715521276.997948: [3.8, 0.0, 3.8, 3.8]
1715521277.248496: [0.0, 0.0, 0.0, 0.0]
1715521277.499045: [0.0, 0.0, 0.0, 0.0]
1715521277.749579: [8.0, 11.5, 7.4, 4.0]
1715521278.000237: [19.2, 22.2, 8.0, 4.2]
1715521278.250844: [13.0, 20.0, 8.0, 0.0]
1715521278.501388: [22.2, 19.2, 11.1, 0.0]
1715521278.752068: [20.0, 23.1, 17.2, 4.2]
1715521279.002706: [32.3, 27.6, 11.5, 14.3]
1715521279.253281: [13.0, 25.9, 7.7, 0.0]
1715521279.503957: [19.2, 12.5, 14.8, 0.0]
1715521279.754558: [22.2, 23.1, 11.5, 0.0]
1715521280.005099: [25.0, 19.2, 4.0, 14.8]
1715521280.255757: [25.9, 24.0, 4.2, 4.3]
1715521280.506336: [25.9, 19.2, 14.8, 7.7]
1715521280.756937: [25.0, 23.1, 11.5, 4.2]
1715521281.007655: [25.9, 25.0, 17.2, 0.0]
1715521281.258253: [19.2, 20.0, 17.9, 8.0]
1715521281.508837: [16.0, 12.5, 4.2, 0.0]
1715521281.759503: [13.0, 16.7, 8.0, 4.2]
1715521282.010054: [12.5, 25.9, 4.0, 0.0]
1715521282.26061: [20.0, 16.0, 11.5, 0.0]
1715521282.511153: [27.6, 25.9, 14.3, 4.0]
1715521282.76171: [12.0, 8.3, 8.0, 7.7]
1715521283.012252: [3.8, 0.0, 0.0, 0.0]
1715521283.262784: [0.0, 0.0, 0.0, 0.0]
1715521283.513372: [0.0, 0.0, 0.0, 0.0]
1715521283.763926: [0.0, 0.0, 0.0, 0.0]
1715521284.014526: [0.0, 0.0, 0.0, 0.0]
1715521284.265079: [0.0, 0.0, 0.0, 0.0]
1715521284.515786: [0.0, 0.0, 0.0, 0.0]
1715521284.766482: [20.8, 20.8, 7.7, 4.0]
1715521285.017052: [20.8, 16.7, 8.0, 8.0]
1715521285.26772: [20.8, 24.0, 8.0, 0.0]
1715521285.518309: [13.0, 4.8, 8.0, 4.2]
1715521285.768852: [17.4, 17.4, 8.0, 0.0]
1715521286.0195: [20.8, 13.0, 11.5, 8.0]
1715521286.270035: [9.1, 17.4, 11.5, 4.0]
1715521286.520698: [9.5, 16.7, 8.0, 0.0]
1715521286.771213: [24.0, 26.9, 11.5, 4.2]
1715521287.021745: [13.6, 23.1, 8.0, 4.2]
1715521287.272336: [13.6, 20.8, 4.2, 0.0]
1715521287.522772: [13.0, 23.1, 11.5, 4.2]
1715521287.773324: [17.4, 13.6, 7.7, 4.2]
1715521288.024086: [23.1, 20.0, 14.8, 4.2]
1715521288.274736: [24.0, 16.7, 14.8, 0.0]
1715521288.525305: [13.6, 9.5, 14.8, 0.0]
1715521288.776084: [20.0, 20.0, 11.1, 4.0]
1715521289.026682: [20.8, 17.4, 8.0, 11.5]
1715521289.277211: [0.0, 13.0, 4.2, 0.0]
1715521289.527732: [22.2, 20.0, 14.8, 4.0]
1715521289.778374: [4.0, 0.0, 0.0, 3.8]
1715521290.028948: [3.8, 0.0, 0.0, 0.0]
1715521290.279493: [0.0, 3.8, 4.0, 0.0]
1715521290.530063: [0.0, 0.0, 0.0, 0.0]
1715521290.780662: [0.0, 0.0, 0.0, 0.0]
1715521291.031274: [0.0, 4.0, 0.0, 0.0]
1715521291.28183: [0.0, 3.8, 0.0, 0.0]
1715521291.53257: [10.0, 13.6, 8.0, 8.0]
1715521291.783094: [24.0, 25.0, 8.3, 4.0]
1715521292.033615: [30.8, 26.9, 8.0, 8.0]
1715521292.284379: [18.2, 25.0, 4.3, 8.0]
1715521292.53473: [14.3, 21.7, 17.9, 4.2]
1715521292.785116: [14.3, 21.7, 11.5, 4.0]
1715521293.035761: [20.8, 26.9, 0.0, 8.0]
1715521293.286215: [18.2, 18.2, 8.3, 0.0]
1715521293.536847: [18.2, 18.2, 14.8, 7.7]
1715521293.787514: [17.4, 26.9, 4.2, 0.0]
1715521294.038071: [14.3, 28.0, 14.8, 4.0]
1715521294.288697: [18.2, 20.8, 4.3, 0.0]
1715521294.539222: [9.5, 21.7, 14.8, 0.0]
1715521294.789777: [14.3, 17.4, 8.0, 11.5]
1715521295.040511: [18.2, 30.8, 18.5, 7.7]
1715521295.291049: [17.4, 26.9, 14.8, 0.0]
1715521295.541574: [28.0, 25.0, 17.9, 4.2]
1715521295.792276: [25.0, 25.0, 0.0, 14.8]
1715521296.042722: [30.8, 25.0, 14.8, 8.0]
1715521296.293257: [21.7, 28.0, 14.8, 4.2]
1715521296.543823: [3.8, 0.0, 0.0, 0.0]
1715521296.79438: [0.0, 0.0, 0.0, 0.0]
1715521297.044982: [4.0, 0.0, 0.0, 0.0]
1715521297.29554: [3.7, 0.0, 3.8, 4.0]
1715521297.546137: [0.0, 3.8, 0.0, 0.0]
1715521297.796675: [0.0, 0.0, 0.0, 0.0]
1715521298.047237: [0.0, 0.0, 0.0, 0.0]
1715521298.297771: [13.6, 13.6, 14.8, 4.2]
1715521298.548453: [10.0, 19.0, 8.0, 0.0]
1715521298.798998: [26.1, 19.0, 15.4, 0.0]
1715521299.049523: [25.0, 25.0, 15.4, 8.3]
1715521299.300288: [22.7, 19.0, 4.2, 4.2]
1715521299.550757: [14.3, 18.2, 12.0, 0.0]
1715521299.801285: [26.1, 26.1, 18.5, 8.0]
1715521300.052015: [18.2, 14.3, 14.8, 0.0]
1715521300.302584: [23.8, 26.1, 8.3, 12.0]
1715521300.553148: [21.7, 22.7, 15.4, 4.2]
1715521300.803822: [19.0, 19.0, 14.8, 8.3]
1715521301.054414: [25.0, 18.2, 8.3, 8.0]
1715521301.304958: [15.0, 22.7, 18.5, 0.0]
1715521301.555644: [14.3, 18.2, 4.2, 4.3]
1715521301.806178: [22.7, 10.5, 15.4, 0.0]
1715521302.056869: [26.1, 28.0, 15.4, 8.0]
1715521302.307581: [33.3, 15.0, 12.0, 11.5]
1715521302.558119: [22.7, 25.0, 14.8, 4.3]
1715521302.808745: [15.0, 22.7, 4.3, 8.0]
1715521303.059302: [22.7, 19.0, 4.3, 0.0]
1715521303.309873: [4.0, 4.0, 3.8, 0.0]
1715521303.56044: [0.0, 0.0, 0.0, 0.0]
1715521303.810763: [0.0, 0.0, 4.0, 0.0]
1715521304.061295: [0.0, 0.0, 0.0, 0.0]
1715521304.311856: [0.0, 3.8, 0.0, 0.0]
1715521304.562408: [0.0, 0.0, 0.0, 0.0]
1715521304.813012: [0.0, 0.0, 0.0, 7.4]
1715521305.063659: [20.8, 17.4, 14.8, 0.0]
1715521305.314351: [15.0, 20.0, 14.8, 4.3]
1715521305.564976: [30.4, 30.4, 0.0, 8.7]
1715521305.815663: [30.4, 30.4, 8.3, 8.3]
1715521306.066197: [29.2, 22.7, 8.3, 12.0]
1715521306.316799: [23.8, 23.8, 4.2, 8.3]
1715521306.567582: [19.0, 29.2, 14.8, 8.3]
1715521306.818111: [20.0, 15.8, 4.3, 8.3]
1715521307.068722: [26.1, 33.3, 8.0, 12.0]
1715521307.319248: [23.8, 10.5, 8.3, 0.0]
1715521307.569803: [15.0, 26.1, 11.5, 0.0]
1715521307.820615: [27.3, 11.1, 18.5, 4.5]
1715521308.071237: [19.0, 27.3, 14.8, 4.2]
1715521308.321808: [23.8, 26.1, 4.3, 4.3]
1715521308.572494: [36.0, 23.8, 17.9, 4.3]
1715521308.823018: [22.7, 30.4, 18.5, 12.5]
1715521309.073585: [27.3, 23.8, 8.0, 4.2]
1715521309.324299: [34.6, 42.9, 21.4, 0.0]
1715521309.574727: [11.1, 33.3, 17.9, 8.3]
1715521309.825327: [27.3, 19.0, 12.0, 4.3]
1715521310.075961: [12.0, 12.0, 7.7, 4.0]
1715521310.326576: [4.0, 0.0, 4.0, 0.0]
1715521310.577116: [3.8, 0.0, 0.0, 0.0]
1715521310.827649: [0.0, 0.0, 3.8, 0.0]
1715521311.078206: [0.0, 0.0, 0.0, 0.0]
1715521311.328785: [0.0, 0.0, 0.0, 0.0]
1715521311.57932: [0.0, 3.8, 0.0, 0.0]
1715521311.829849: [8.7, 12.5, 11.5, 4.2]
1715521312.080563: [25.0, 28.6, 18.5, 8.0]
1715521312.331112: [26.3, 27.3, 12.5, 4.2]
1715521312.581666: [25.0, 15.8, 8.7, 4.3]
1715521312.832506: [28.6, 15.8, 19.2, 4.2]
1715521313.083094: [30.0, 28.6, 8.3, 8.0]
1715521313.333618: [31.8, 27.3, 18.5, 4.2]
1715521313.584264: [21.1, 15.8, 12.5, 4.3]
1715521313.834744: [21.1, 15.8, 12.0, 4.2]
1715521314.085311: [30.0, 23.8, 16.0, 4.2]
1715521314.336062: [11.8, 5.9, 8.3, 4.2]
1715521314.586657: [16.7, 21.1, 16.0, 0.0]
1715521314.8372: [21.1, 15.8, 4.3, 4.2]
1715521315.087906: [25.0, 20.0, 16.0, 0.0]
1715521315.338531: [6.7, 11.8, 0.0, 4.3]
1715521315.589099: [22.2, 20.0, 13.0, 4.3]
1715521315.839798: [21.1, 15.8, 12.0, 0.0]
1715521316.090327: [21.1, 20.0, 12.5, 4.2]
1715521316.340883: [16.7, 6.2, 19.2, 4.3]
1715521316.591539: [28.6, 15.8, 15.4, 0.0]
1715521316.842071: [5.0, 9.1, 8.0, 4.0]
1715521317.092643: [0.0, 0.0, 0.0, 0.0]
1715521317.343205: [0.0, 3.8, 0.0, 0.0]
1715521317.593738: [0.0, 0.0, 0.0, 0.0]
1715521317.844293: [0.0, 0.0, 0.0, 0.0]
1715521318.094849: [3.8, 0.0, 0.0, 3.8]
1715521318.345377: [0.0, 0.0, 0.0, 0.0]
1715521318.596147: [8.7, 4.5, 4.0, 0.0]
1715521318.846726: [25.0, 30.0, 21.4, 12.5]
1715521319.097329: [22.2, 17.6, 12.5, 0.0]
1715521319.348052: [17.6, 26.3, 12.0, 8.3]
1715521319.598701: [0.0, 26.3, 0.0, 12.0]
1715521319.849276: [17.6, 17.6, 12.0, 0.0]
1715521320.099995: [28.6, 26.3, 12.0, 18.5]
1715521320.350572: [23.5, 39.1, 22.2, 4.3]
1715521320.601155: [28.6, 33.3, 4.3, 15.4]
1715521320.85173: [31.6, 35.0, 8.7, 12.0]
1715521321.102251: [34.8, 33.3, 12.0, 15.4]
1715521321.352984: [30.0, 25.0, 22.2, 8.0]
1715521321.603686: [26.3, 27.8, 21.4, 8.3]
1715521321.854265: [31.6, 30.0, 22.2, 8.7]
1715521322.104962: [22.2, 30.0, 15.4, 4.2]
1715521322.355678: [31.8, 26.3, 12.0, 4.3]
1715521322.606247: [35.0, 35.0, 8.7, 19.2]
1715521322.856904: [30.0, 36.4, 15.4, 8.3]
1715521323.107576: [36.4, 33.3, 16.0, 8.0]
1715521323.358165: [30.0, 33.3, 15.4, 0.0]
1715521323.608682: [15.0, 15.0, 11.5, 8.3]
1715521323.859221: [0.0, 3.8, 0.0, 0.0]
1715521324.109849: [0.0, 0.0, 0.0, 0.0]
1715521324.36038: [0.0, 0.0, 0.0, 0.0]
1715521324.610975: [0.0, 0.0, 3.8, 0.0]
1715521324.861528: [3.8, 0.0, 0.0, 0.0]
1715521325.112074: [0.0, 0.0, 0.0, 0.0]
1715521325.362689: [0.0, 8.0, 3.8, 0.0]
1715521325.613368: [30.0, 27.8, 16.0, 9.1]
1715521325.864173: [27.8, 38.1, 8.3, 9.1]
1715521326.114846: [33.3, 27.8, 8.3, 4.8]
1715521326.365497: [23.5, 31.6, 12.0, 9.1]
1715521326.616355: [6.7, 27.8, 8.3, 4.5]
1715521326.867108: [33.3, 27.8, 16.0, 4.8]
1715521327.117736: [23.5, 27.8, 12.0, 4.8]
1715521327.368556: [22.2, 38.1, 21.4, 4.8]
1715521327.619168: [22.2, 18.8, 12.0, 4.8]
1715521327.869824: [23.5, 27.8, 15.4, 4.8]
1715521328.120688: [30.0, 27.8, 8.3, 0.0]
1715521328.371263: [22.2, 27.8, 15.4, 4.8]
1715521328.621947: [6.7, 31.6, 8.3, 20.0]
1715521328.872749: [22.2, 31.6, 15.4, 4.5]
1715521329.123611: [31.6, 27.8, 15.4, 0.0]
1715521329.373951: [17.6, 27.8, 12.0, 4.5]
1715521329.624665: [17.6, 18.7, 12.0, 0.0]
1715521329.875188: [31.6, 35.0, 12.0, 13.0]
1715521330.125815: [31.6, 35.0, 12.0, 13.0]
1715521330.37635: [30.4, 37.5, 22.2, 13.0]
1715521330.626755: [0.0, 4.0, 3.8, 0.0]
1715521330.877301: [0.0, 0.0, 0.0, 0.0]
1715521331.127858: [3.8, 0.0, 0.0, 0.0]
1715521331.37842: [0.0, 0.0, 0.0, 0.0]
1715521331.628987: [0.0, 0.0, 0.0, 0.0]
1715521331.879529: [0.0, 0.0, 0.0, 0.0]
1715521332.13011: [0.0, 3.8, 3.8, 3.8]
1715521332.380839: [31.6, 35.0, 12.0, 0.0]
1715521332.631507: [38.9, 35.3, 15.4, 4.5]
1715521332.882148: [42.1, 29.4, 12.5, 12.0]
1715521333.132815: [40.0, 38.9, 8.3, 16.0]
1715521333.383554: [31.2, 40.0, 18.5, 4.3]
1715521333.634153: [45.0, 42.1, 19.2, 4.5]
1715521333.884919: [38.9, 29.4, 12.0, 16.0]
1715521334.135601: [36.8, 33.3, 16.0, 8.3]
1715521334.386173: [40.0, 33.3, 24.1, 4.3]
1715521334.636817: [29.4, 36.8, 12.0, 16.0]
1715521334.887444: [21.4, 35.3, 15.4, 0.0]
1715521335.138042: [40.0, 29.4, 21.4, 4.5]
1715521335.388745: [35.3, 20.0, 19.2, 4.3]
1715521335.639419: [40.0, 33.3, 8.3, 4.5]
1715521335.890048: [42.1, 42.1, 12.5, 4.5]
1715521336.140664: [35.3, 38.9, 12.0, 4.3]
1715521336.39122: [35.3, 40.0, 18.5, 0.0]
1715521336.641868: [36.8, 26.7, 24.1, 0.0]
1715521336.892588: [35.3, 42.1, 15.4, 8.7]
1715521337.143176: [38.9, 33.3, 15.4, 8.3]
1715521337.393718: [0.0, 4.2, 4.0, 4.0]
1715521337.644233: [0.0, 0.0, 3.8, 3.8]
1715521337.894819: [0.0, 0.0, 0.0, 0.0]
1715521338.145358: [0.0, 0.0, 0.0, 0.0]
1715521338.39592: [0.0, 0.0, 0.0, 0.0]
1715521338.646519: [0.0, 0.0, 0.0, 0.0]
1715521338.897041: [0.0, 0.0, 0.0, 0.0]
1715521339.147782: [31.6, 26.3, 4.3, 4.3]
1715521339.398442: [35.3, 35.3, 19.2, 4.8]
1715521339.649198: [38.9, 35.3, 9.1, 16.7]
1715521339.899861: [38.9, 35.3, 8.7, 5.0]
1715521340.150477: [38.9, 35.3, 4.5, 12.5]
1715521340.401169: [37.5, 41.2, 16.7, 13.6]
1715521340.651928: [38.9, 31.2, 9.1, 4.5]
1715521340.902675: [42.1, 42.1, 16.0, 13.0]
1715521341.153371: [35.3, 31.2, 16.0, 4.5]
1715521341.404223: [41.2, 31.2, 19.2, 9.1]
1715521341.65474: [38.9, 35.3, 23.1, 4.8]
1715521341.905554: [31.3, 42.1, 16.0, 16.7]
1715521342.156352: [44.4, 35.3, 25.9, 8.7]
1715521342.406917: [31.2, 42.1, 12.5, 0.0]
1715521342.657545: [44.4, 44.4, 22.2, 13.0]
1715521342.908279: [47.6, 35.3, 9.1, 12.5]
1715521343.158781: [38.9, 42.1, 16.7, 13.6]
1715521343.409444: [47.4, 42.1, 16.0, 0.0]
1715521343.660226: [45.0, 47.4, 20.0, 13.0]
1715521343.910744: [28.6, 26.7, 8.7, 13.0]
1715521344.161295: [8.0, 4.2, 4.0, 0.0]
1715521344.411887: [0.0, 0.0, 0.0, 0.0]
1715521344.662458: [0.0, 0.0, 0.0, 0.0]
1715521344.913063: [0.0, 0.0, 3.8, 0.0]
1715521345.163633: [0.0, 0.0, 0.0, 0.0]
1715521345.414189: [0.0, 0.0, 4.0, 0.0]
1715521345.664733: [0.0, 3.8, 0.0, 0.0]
1715521345.915244: [22.7, 36.4, 4.3, 4.5]
1715521346.165954: [47.4, 43.8, 16.7, 9.1]
1715521346.416707: [38.9, 60.0, 23.1, 5.0]
1715521346.667314: [31.2, 43.7, 16.7, 9.1]
1715521346.917953: [47.4, 60.0, 20.0, 20.8]
1715521347.168658: [44.4, 57.1, 9.1, 17.4]
1715521347.41926: [26.7, 47.1, 4.8, 13.0]
1715521347.669926: [44.4, 47.1, 9.1, 20.8]
1715521347.920777: [42.1, 50.0, 19.2, 9.1]
1715521348.171565: [41.2, 52.6, 16.7, 13.0]
1715521348.422162: [38.9, 50.0, 16.7, 5.0]
1715521348.673063: [35.3, 43.7, 19.2, 13.0]
1715521348.923791: [42.1, 52.6, 23.1, 13.0]
1715521349.174573: [38.9, 47.1, 8.7, 13.0]
1715521349.425249: [47.6, 50.0, 25.9, 9.5]
1715521349.676156: [33.3, 50.0, 16.0, 9.1]
1715521349.926798: [42.1, 55.0, 23.1, 5.0]
1715521350.177465: [42.1, 50.0, 8.7, 13.0]
1715521350.428227: [41.2, 50.0, 24.0, 9.5]
1715521350.678732: [26.7, 50.0, 19.2, 0.0]
1715521350.929265: [20.0, 16.7, 14.8, 7.7]
1715521351.179817: [0.0, 3.8, 0.0, 4.0]
1715521351.430385: [3.8, 0.0, 0.0, 0.0]
1715521351.680902: [0.0, 0.0, 4.0, 0.0]
1715521351.9313: [0.0, 0.0, 0.0, 0.0]
1715521352.181834: [0.0, 0.0, 0.0, 0.0]
1715521352.432387: [0.0, 0.0, 0.0, 0.0]
1715521352.682746: [22.7, 23.8, 11.5, 0.0]
1715521352.933439: [57.9, 55.6, 34.5, 13.0]
1715521353.184259: [60.0, 60.0, 23.1, 16.7]
1715521353.434785: [50.0, 63.6, 25.0, 20.0]
1715521353.685386: [61.9, 55.0, 22.2, 4.8]
1715521353.936194: [55.0, 55.6, 20.0, 13.0]
1715521354.186748: [60.0, 50.0, 19.2, 4.8]
1715521354.437428: [60.0, 52.6, 28.6, 4.8]
1715521354.688145: [47.1, 50.0, 25.0, 9.1]
1715521354.938754: [61.9, 55.6, 25.0, 13.0]
1715521355.189413: [61.9, 65.2, 13.0, 28.6]
1715521355.440235: [57.9, 59.1, 23.1, 9.5]
1715521355.690824: [63.6, 55.6, 34.4, 13.0]
1715521355.941528: [61.9, 61.9, 20.0, 25.9]
1715521356.192227: [61.9, 60.0, 16.7, 9.1]
1715521356.442891: [55.6, 55.6, 25.0, 5.0]
1715521356.693587: [52.6, 57.9, 25.9, 0.0]
1715521356.944405: [60.0, 52.6, 25.0, 17.4]
1715521357.194767: [61.9, 57.9, 16.7, 13.0]
1715521357.445366: [55.6, 56.3, 22.2, 4.8]
1715521357.695941: [32.0, 25.0, 15.4, 4.3]
1715521357.946549: [0.0, 0.0, 0.0, 0.0]
1715521358.197144: [0.0, 0.0, 0.0, 3.8]
1715521358.447716: [3.8, 0.0, 0.0, 0.0]
1715521358.698314: [0.0, 0.0, 0.0, 0.0]
1715521358.948846: [0.0, 0.0, 0.0, 3.8]
1715521359.199386: [0.0, 0.0, 0.0, 0.0]
1715521359.450075: [14.3, 25.0, 8.3, 8.3]
1715521359.700883: [52.9, 66.7, 20.8, 13.0]
1715521359.951798: [52.9, 70.0, 20.0, 17.4]
1715521360.202562: [65.0, 71.4, 18.2, 16.7]
1715521360.453341: [61.1, 66.7, 17.4, 10.0]
1715521360.704138: [55.6, 70.0, 20.8, 9.1]
1715521360.954792: [63.6, 66.7, 20.8, 16.7]
1715521361.205496: [64.7, 77.3, 24.0, 21.7]
1715521361.456262: [65.0, 76.0, 13.0, 13.0]
1715521361.7068: [52.9, 56.2, 28.6, 13.6]
1715521361.957466: [60.0, 71.4, 23.1, 20.0]
1715521362.208222: [61.9, 72.7, 20.8, 13.6]
1715521362.458815: [55.6, 61.1, 23.1, 9.1]
1715521362.709534: [61.9, 65.0, 25.9, 13.0]
1715521362.960231: [70.0, 72.7, 24.0, 9.5]
1715521363.210773: [65.0, 77.3, 17.4, 20.8]
1715521363.461703: [57.9, 69.6, 24.0, 13.6]
1715521363.712462: [52.9, 65.0, 25.9, 4.8]
1715521363.96312: [61.9, 75.0, 20.8, 13.6]
1715521364.213753: [61.1, 68.2, 20.0, 25.9]
1715521364.464293: [28.6, 41.7, 21.4, 15.4]
1715521364.714715: [0.0, 0.0, 0.0, 0.0]
1715521364.965269: [0.0, 0.0, 3.8, 0.0]
1715521365.21584: [0.0, 0.0, 0.0, 0.0]
1715521365.466384: [3.8, 0.0, 0.0, 0.0]
1715521365.71696: [0.0, 0.0, 0.0, 0.0]
1715521365.967391: [0.0, 0.0, 0.0, 3.8]
1715521366.218162: [9.1, 13.0, 0.0, 0.0]
1715521366.469175: [68.2, 65.0, 29.6, 21.7]
1715521366.719953: [66.7, 65.0, 22.2, 15.0]
1715521366.970677: [65.0, 66.7, 25.9, 19.0]
1715521367.221477: [66.7, 70.0, 16.7, 14.3]
1715521367.472568: [66.7, 68.4, 25.9, 19.0]
1715521367.723199: [72.7, 73.9, 23.1, 19.0]
1715521367.973876: [65.0, 69.6, 28.6, 18.2]
1715521368.224728: [65.0, 66.7, 16.0, 15.0]
1715521368.475462: [71.4, 68.4, 16.7, 29.2]
1715521368.7261: [61.1, 65.0, 16.0, 18.2]
1715521368.977038: [70.0, 71.4, 16.7, 0.0]
1715521369.227793: [68.2, 69.6, 20.0, 14.3]
1715521369.478664: [69.6, 71.4, 27.6, 22.7]
1715521369.729382: [68.4, 68.2, 20.0, 22.7]
1715521369.98017: [69.6, 70.0, 16.7, 14.3]
1715521370.230776: [68.4, 68.4, 28.6, 22.7]
1715521370.481508: [66.7, 63.2, 16.7, 20.0]
1715521370.732474: [66.7, 64.7, 23.1, 21.7]
1715521370.983106: [76.9, 68.2, 20.0, 5.6]
1715521371.23363: [47.8, 56.0, 12.0, 17.4]
1715521371.484176: [0.0, 0.0, 0.0, 0.0]
1715521371.734738: [4.0, 0.0, 0.0, 0.0]
1715521371.985333: [3.8, 0.0, 3.8, 0.0]
1715521372.23591: [0.0, 0.0, 3.8, 0.0]
1715521372.486482: [0.0, 0.0, 0.0, 0.0]
1715521372.737077: [0.0, 0.0, 0.0, 3.8]
1715521372.987581: [0.0, 8.0, 0.0, 0.0]
1715521373.238208: [78.9, 70.0, 18.2, 12.5]
1715521373.48898: [84.0, 76.0, 35.7, 12.0]
1715521373.739821: [81.8, 71.4, 14.3, 25.0]
1715521373.990635: [81.0, 73.7, 26.9, 12.0]
1715521374.241473: [84.6, 80.0, 18.2, 12.5]
1715521374.492333: [92.0, 85.0, 25.0, 8.7]
1715521374.742847: [87.5, 73.9, 33.3, 12.5]
1715521374.993587: [81.0, 73.7, 33.3, 8.7]
1715521375.244308: [82.6, 73.9, 20.8, 12.0]
1715521375.494853: [82.6, 75.0, 30.8, 4.5]
1715521375.745548: [81.8, 73.9, 30.8, 16.7]
1715521375.996193: [81.8, 78.3, 33.3, 8.7]
1715521376.246801: [81.8, 71.4, 13.6, 8.3]
1715521376.497469: [77.8, 76.2, 30.8, 4.5]
1715521376.748079: [82.6, 73.9, 24.0, 12.5]
1715521376.998724: [81.8, 76.2, 25.0, 16.0]
1715521377.249408: [85.0, 76.2, 26.9, 8.7]
1715521377.500117: [79.2, 71.4, 18.2, 18.5]
1715521377.750735: [81.0, 70.0, 20.8, 12.5]
1715521378.001285: [75.0, 68.2, 33.3, 12.5]
1715521378.251868: [7.7, 0.0, 0.0, 3.8]
1715521378.502437: [0.0, 0.0, 0.0, 0.0]
1715521378.752991: [0.0, 0.0, 0.0, 0.0]
1715521379.00353: [0.0, 0.0, 0.0, 0.0]
1715521379.25407: [0.0, 0.0, 0.0, 0.0]
1715521379.5046: [0.0, 0.0, 0.0, 0.0]
1715521379.755139: [0.0, 4.0, 0.0, 0.0]
1715521380.005912: [72.7, 65.0, 26.1, 10.0]
1715521380.256735: [72.7, 76.2, 26.1, 14.3]
1715521380.50741: [81.0, 81.0, 30.4, 25.0]
1715521380.75823: [78.3, 76.2, 26.1, 18.2]
1715521381.008938: [78.3, 80.0, 26.1, 25.0]
1715521381.259718: [72.7, 81.8, 37.0, 14.3]
1715521381.510523: [78.3, 78.3, 29.2, 24.0]
1715521381.761254: [77.3, 81.0, 32.0, 14.3]
1715521382.011969: [72.2, 78.3, 29.2, 18.2]
1715521382.26259: [83.3, 84.0, 36.0, 25.0]
1715521382.51333: [73.7, 81.8, 26.1, 25.0]
1715521382.764236: [72.2, 76.2, 37.0, 21.7]
1715521383.014909: [79.2, 80.0, 39.3, 21.7]
1715521383.265721: [81.0, 75.0, 26.1, 14.3]
1715521383.51651: [77.3, 80.0, 26.1, 21.7]
1715521383.767193: [77.3, 77.3, 30.4, 21.7]
1715521384.017927: [73.7, 77.3, 29.2, 26.1]
1715521384.268587: [78.3, 80.0, 26.1, 14.3]
1715521384.519216: [76.2, 80.0, 19.0, 9.5]
1715521384.770003: [76.2, 81.8, 32.0, 14.3]
1715521385.020537: [8.0, 4.0, 4.0, 0.0]
1715521385.271106: [0.0, 0.0, 0.0, 0.0]
1715521385.52166: [0.0, 0.0, 0.0, 3.8]
1715521385.772185: [3.8, 0.0, 0.0, 0.0]
1715521386.022706: [0.0, 0.0, 3.8, 0.0]
1715521386.273253: [0.0, 0.0, 0.0, 0.0]
1715521386.523801: [0.0, 0.0, 0.0, 0.0]
1715521386.774537: [59.1, 60.0, 13.0, 16.7]
1715521387.025265: [84.0, 88.5, 25.0, 21.7]
1715521387.276074: [85.7, 87.0, 21.7, 29.6]
1715521387.526737: [81.8, 87.5, 29.6, 10.0]
1715521387.777493: [85.7, 91.7, 28.0, 20.8]
1715521388.028268: [83.3, 87.0, 30.8, 26.9]
1715521388.278876: [89.5, 92.0, 25.0, 30.8]
1715521388.529635: [84.0, 87.0, 33.3, 20.8]
1715521388.780487: [85.7, 90.9, 26.9, 24.0]
1715521389.031107: [88.0, 89.3, 18.2, 30.8]
1715521389.281656: [82.6, 91.3, 21.7, 13.6]
1715521389.532459: [84.2, 86.4, 32.1, 17.4]
1715521389.783137: [85.7, 87.5, 28.0, 21.7]
1715521390.033948: [83.3, 86.4, 24.0, 13.6]
1715521390.284731: [87.0, 87.0, 14.3, 17.4]
1715521390.535481: [88.5, 87.5, 26.1, 19.0]
1715521390.786162: [87.0, 85.7, 13.6, 13.6]
1715521391.036935: [81.0, 87.0, 28.0, 29.6]
1715521391.287689: [87.0, 90.9, 24.0, 17.4]
1715521391.53843: [83.3, 87.5, 25.0, 18.2]
1715521391.789022: [16.7, 20.0, 11.5, 11.1]
1715521392.039552: [0.0, 0.0, 3.8, 0.0]
1715521392.290113: [0.0, 0.0, 0.0, 0.0]
1715521392.540666: [0.0, 0.0, 0.0, 0.0]
1715521392.791242: [0.0, 0.0, 0.0, 0.0]
1715521393.041787: [0.0, 0.0, 0.0, 0.0]
1715521393.292381: [0.0, 0.0, 0.0, 0.0]
1715521393.542917: [47.8, 54.2, 22.2, 17.4]
1715521393.793651: [87.0, 91.7, 32.1, 31.8]
1715521394.044466: [81.8, 88.0, 26.9, 30.4]
1715521394.295205: [86.4, 91.3, 17.4, 16.7]
1715521394.546087: [86.4, 90.9, 20.0, 27.3]
1715521394.796891: [88.5, 91.7, 24.0, 20.0]
1715521395.047821: [87.5, 88.9, 24.0, 25.0]
1715521395.298592: [87.0, 91.3, 24.0, 15.8]
1715521395.549258: [86.4, 90.9, 24.0, 28.6]
1715521395.799944: [88.5, 91.7, 25.0, 37.5]
1715521396.050817: [87.5, 88.5, 20.8, 28.6]
1715521396.301579: [87.0, 91.3, 17.4, 30.4]
1715521396.552366: [87.5, 92.0, 24.0, 15.8]
1715521396.802862: [86.4, 88.0, 32.1, 34.8]
1715521397.053524: [92.3, 96.0, 29.6, 39.1]
1715521397.30436: [91.3, 95.8, 21.7, 37.5]
1715521397.55483: [87.0, 92.0, 24.0, 40.0]
1715521397.805527: [87.0, 91.3, 13.0, 34.8]
1715521398.056284: [87.0, 87.5, 13.6, 36.0]
1715521398.306834: [87.0, 92.0, 32.1, 34.8]
1715521398.557412: [32.0, 36.0, 4.2, 0.0]
1715521398.807951: [3.8, 0.0, 0.0, 0.0]
1715521399.058559: [0.0, 0.0, 3.8, 0.0]
1715521399.309113: [0.0, 0.0, 3.8, 0.0]
1715521399.559707: [0.0, 0.0, 0.0, 0.0]
1715521399.810271: [0.0, 3.8, 0.0, 0.0]
1715521400.060811: [0.0, 0.0, 0.0, 0.0]
1715521400.311569: [46.2, 45.8, 8.3, 8.0]
1715521400.562338: [96.0, 96.0, 29.2, 20.8]
1715521400.813068: [96.0, 100.0, 24.0, 20.0]
1715521401.063725: [96.2, 100.0, 29.6, 12.5]
1715521401.314505: [96.0, 96.0, 20.0, 25.9]
1715521401.56529: [96.2, 100.0, 32.1, 16.7]
1715521401.816042: [96.2, 96.2, 29.6, 13.0]
1715521402.06673: [95.7, 100.0, 20.8, 9.1]
1715521402.317514: [95.7, 100.0, 20.0, 16.0]
1715521402.568051: [100.0, 96.3, 24.0, 16.7]
1715521402.819151: [96.0, 100.0, 24.0, 25.0]
1715521403.069918: [92.3, 100.0, 24.0, 25.9]
1715521403.320597: [100.0, 100.0, 26.9, 4.8]
1715521403.57112: [96.2, 96.2, 34.5, 13.0]
1715521403.821817: [96.2, 100.0, 26.9, 16.7]
1715521404.072542: [96.0, 100.0, 29.6, 16.0]
1715521404.323363: [100.0, 96.3, 24.0, 20.0]
1715521404.574122: [96.3, 100.0, 24.0, 13.0]
1715521404.824669: [95.8, 100.0, 24.0, 13.0]
1715521405.075337: [96.0, 96.2, 24.0, 16.0]
1715521405.325919: [45.8, 52.0, 12.0, 4.3]
1715521405.576448: [4.0, 0.0, 4.0, 0.0]
1715521405.827035: [0.0, 0.0, 0.0, 0.0]
1715521406.07763: [0.0, 0.0, 3.8, 4.0]
1715521406.328244: [3.8, 0.0, 0.0, 0.0]
1715521406.578748: [0.0, 0.0, 3.8, 3.8]
1715521406.829312: [0.0, 4.0, 0.0, 0.0]
1715521407.080147: [34.6, 30.8, 12.5, 12.0]
1715521407.330928: [100.0, 91.7, 33.3, 34.8]
1715521407.581716: [95.8, 87.0, 34.8, 38.5]
1715521407.832626: [96.2, 91.3, 33.3, 36.0]
1715521408.083436: [96.0, 91.3, 33.3, 33.3]
1715521408.334359: [96.0, 91.7, 42.9, 30.4]
1715521408.585335: [96.0, 91.7, 30.4, 27.3]
1715521408.836265: [100.0, 95.7, 37.5, 42.3]
1715521409.087015: [96.2, 88.5, 27.3, 33.3]
1715521409.337847: [100.0, 91.7, 36.0, 38.5]
1715521409.588781: [95.8, 92.0, 34.8, 34.8]
1715521409.839593: [96.2, 91.7, 30.4, 33.3]
1715521410.090368: [95.8, 91.3, 20.0, 38.5]
1715521410.341347: [100.0, 91.7, 27.3, 36.0]
1715521410.592447: [96.0, 92.6, 39.1, 40.0]
1715521410.843329: [96.2, 91.3, 36.0, 33.3]
1715521411.09426: [95.7, 91.3, 37.5, 33.3]
1715521411.345354: [100.0, 92.0, 33.3, 27.3]
1715521411.596284: [95.7, 91.3, 40.7, 28.6]
1715521411.847321: [96.2, 91.3, 38.5, 30.4]
1715521412.09797: [60.9, 63.0, 23.1, 17.4]
1715521412.348593: [3.8, 0.0, 0.0, 0.0]
1715521412.599129: [0.0, 0.0, 3.8, 0.0]
1715521412.849676: [0.0, 0.0, 0.0, 0.0]
1715521413.100244: [0.0, 0.0, 0.0, 3.8]
1715521413.35084: [3.8, 0.0, 0.0, 0.0]
1715521413.601399: [0.0, 3.8, 0.0, 0.0]
1715521413.852208: [20.0, 16.7, 4.0, 4.0]
1715521414.102986: [96.0, 100.0, 25.0, 30.4]
1715521414.35369: [95.7, 100.0, 25.9, 30.4]
1715521414.604574: [100.0, 100.0, 20.8, 22.7]
1715521414.855369: [96.2, 100.0, 24.0, 36.0]
1715521415.106105: [100.0, 100.0, 24.0, 34.6]
1715521415.357138: [100.0, 100.0, 29.6, 29.2]
1715521415.607974: [100.0, 100.0, 28.0, 30.4]
1715521415.858767: [96.3, 100.0, 17.4, 37.0]
1715521416.10967: [100.0, 100.0, 29.6, 38.5]
1715521416.360582: [100.0, 100.0, 36.7, 30.4]
1715521416.611429: [96.2, 100.0, 34.5, 29.2]
1715521416.862256: [100.0, 100.0, 17.4, 34.6]
1715521417.11293: [100.0, 100.0, 24.0, 36.0]
1715521417.363834: [95.8, 100.0, 29.6, 32.0]
1715521417.614652: [100.0, 100.0, 20.8, 33.3]
1715521417.865509: [100.0, 100.0, 25.9, 22.7]
1715521418.116284: [95.8, 100.0, 26.9, 39.3]
1715521418.366929: [100.0, 100.0, 24.0, 33.3]
1715521418.617714: [100.0, 100.0, 17.4, 26.1]
1715521418.868238: [75.0, 74.1, 19.2, 20.8]
1715521419.118803: [0.0, 0.0, 0.0, 0.0]
1715521419.369352: [0.0, 3.8, 0.0, 0.0]
1715521419.619886: [3.8, 0.0, 0.0, 0.0]
1715521419.870437: [0.0, 0.0, 0.0, 0.0]
1715521420.121011: [3.8, 0.0, 3.8, 3.8]
1715521420.371539: [0.0, 0.0, 0.0, 0.0]
1715521420.622234: [0.0, 4.0, 4.0, 0.0]
1715521420.872961: [100.0, 100.0, 39.3, 26.9]
1715521421.123635: [100.0, 100.0, 32.0, 29.6]
1715521421.37442: [100.0, 100.0, 26.1, 28.6]
1715521421.625125: [100.0, 100.0, 22.7, 17.4]
1715521421.875869: [100.0, 100.0, 22.7, 20.8]
1715521422.12661: [100.0, 100.0, 30.8, 20.0]
1715521422.377322: [100.0, 100.0, 34.6, 13.6]
1715521422.628093: [100.0, 100.0, 29.2, 17.4]
1715521422.878834: [100.0, 100.0, 32.0, 31.0]
1715521423.129561: [100.0, 100.0, 32.0, 24.0]
1715521423.380301: [100.0, 100.0, 26.1, 29.6]
1715521423.630994: [100.0, 100.0, 30.8, 29.6]
1715521423.881664: [100.0, 100.0, 37.0, 16.7]
1715521424.132452: [100.0, 100.0, 32.0, 26.9]
1715521424.383098: [100.0, 100.0, 30.8, 13.6]
1715521424.633805: [100.0, 100.0, 29.2, 20.0]
1715521424.88453: [100.0, 100.0, 34.6, 13.6]
1715521425.135442: [100.0, 100.0, 34.6, 9.1]
1715521425.386076: [100.0, 100.0, 38.5, 13.0]
1715521425.636648: [92.3, 92.0, 28.0, 24.0]
1715521425.88723: [0.0, 4.0, 0.0, 3.8]
1715521426.13784: [0.0, 0.0, 0.0, 0.0]
1715521426.38838: [0.0, 0.0, 0.0, 0.0]
1715521426.638974: [0.0, 0.0, 0.0, 0.0]
1715521426.889527: [0.0, 0.0, 0.0, 4.0]