Random waveform, supplied seed
Total number of intervals = 100 (7434, 67201, 85927, 63953, 31595, 87879, 7287, 62295, 6561, 22532, 60653, 59076, 60154, 22964, 8172, 27652, 37594, 24367, 33771, 84944, 85666, 51918, 34406, 28664, 38289, 20658, 13840, 93419, 98284, 71313, 42089, 46458, 30755, 42889, 93552, 65694, 29574, 51355, 67361, 16287, 81508, 87619, 99068, 51267, 11822, 97494, 97350, 55460, 85984, 82043, 52873, 13911, 49984, 9274, 27187, 18735, 86505, 93039, 75999, 32324, 84255, 81759, 37291, 53818, 30297, 31569, 38927, 10652, 98119, 48176, 34929, 69735, 20753, 84642, 42333, 61587, 77998, 97625, 23781, 66723, 31016, 47394, 95335, 5252, 65908, 16889, 42912, 99898, 26385, 22616, 50605, 90283, 26273, 48521, 34058, 75648, 19482, 15054, 75754, 5187)
Average QPS expected = 50833
Timestamp start: 1715201300872
Timestamp end: 1715202201391

#type       avg     std     min      p5     p10     p50     p67     p75     p80     p85     p90     p95     p99    p999   p9999      QPS   target
read      382.4   555.6   160.7   223.2   242.1   349.6   381.0   396.8   407.6   422.6   438.4   471.9  1005.5  7893.6 30224.7   7423.7     7434
read      380.4   323.2   148.8   205.4   219.6   336.4   403.8   445.3   477.4   519.5   571.5   646.6   923.4  2941.2 10125.6  67047.0    67201
read      404.8   443.7   148.8   208.2   223.9   344.3   409.9   449.9   481.0   521.3   573.8   665.6  1682.8  6521.8 12004.2  85985.4    85927
read      376.5   241.0   148.8   205.3   219.7   339.6   406.9   448.4   481.0   523.3   574.3   644.4   803.5  2198.7  8762.7  63778.0    63953
read      378.6   384.3   148.8   203.4   217.0   326.9   415.0   469.6   508.4   543.4   580.2   628.5   741.2  3886.4 12768.2  31542.6    31595
read      373.1   302.2   148.8   208.2   223.1   337.0   400.6   438.0   466.6   502.1   546.7   618.5   784.4  3318.2 11344.3  88076.2    87879
read      392.9   698.8   160.7   221.4   240.7   348.5   380.1   396.2   407.2   423.3   442.3   486.1  1316.3 11263.8 31099.5   7275.9     7287
read      365.5   204.6   148.8   203.4   217.2   332.7   398.7   438.5   471.0   515.0   565.1   626.7   733.0  1575.1  7879.4  62256.4    62295
read      369.2   515.0   160.7   221.4   240.8   336.9   365.9   381.4   392.8   404.2   425.3   461.3   830.2  7564.2 24579.2   6604.9     6561
read      369.5   235.9   148.8   199.0   212.6   335.9   429.0   469.2   495.7   522.5   549.5   587.1   674.3  2632.6  9685.2  22470.1    22532
read      368.1   235.5   148.8   202.0   215.6   331.4   396.7   436.8   470.0   515.6   570.2   637.1   751.2  2229.6  8182.3  60668.9    60653
read      366.9   240.8   148.8   202.0   215.5   329.9   394.6   435.0   468.7   515.4   569.9   634.5   747.2  1910.7  8717.8  59140.3    59076
read      377.0   264.6   148.8   204.5   219.2   338.1   406.7   449.4   483.3   526.6   576.6   639.5   799.6  2733.6  9376.1  60005.3    60154
read      377.9   233.8   148.8   204.7   219.5   347.4   438.7   478.8   505.6   531.9   560.6   597.3   684.5  2023.5  8698.1  22998.1    22964
read      405.7   760.5   160.7   221.7   239.6   361.1   397.4   416.9   430.2   447.8   469.8   520.5  1150.0 11558.4 30744.3   8208.9     8172
read      501.6   440.6   148.8   211.3   228.6   412.6   547.8   641.4   720.0   804.7   893.5  1010.1  1234.5  4458.0 14004.8  27666.8    27652
read      530.3   546.8   148.8   210.0   226.8   381.2   531.9   641.7   762.9   895.5  1033.1  1209.3  1652.6  6323.8 19601.3  37519.4    37594
read      505.9   655.2   148.8   209.5   226.9   415.8   539.5   623.1   687.2   756.1   838.0   948.7  1263.2  9095.1 30745.6  24370.2    24367
read      519.3   580.3   148.8   208.5   225.1   390.1   529.0   631.0   730.4   840.8   963.5  1127.4  1560.5  6537.5 30255.0  33747.6    33771
read      683.1   621.6   148.8   240.6   271.7   463.0   567.5   664.3   798.4  1465.7  1641.9  1806.8  2654.8  5131.7 15729.0  85035.9    84944
read      367.5   202.0   148.8   207.5   222.3   336.0   400.2   437.3   466.1   502.2   547.4   616.2   760.1  1933.2  7800.0  85627.1    85666
read      376.8   225.4   148.8   205.4   219.8   341.3   408.3   452.2   488.3   532.4   581.5   645.9   781.2  1812.8  8890.1  51921.2    51918
read      377.1   248.3   148.8   204.2   218.7   333.1   415.2   468.7   507.8   545.2   584.8   636.7   751.6  1864.0  9492.9  34452.8    34406
read      373.4   251.3   148.8   204.4   218.6   330.8   420.6   471.0   505.9   537.5   571.9   618.0   721.2  1835.7  8408.0  28673.7    28664
read      374.5   216.3   148.8   203.9   218.2   331.9   408.4   460.7   501.6   542.3   584.5   639.2   752.7  1651.2  8120.8  38285.1    38289
read      377.0   273.4   148.8   205.9   220.0   348.7   433.9   471.8   497.5   523.0   548.2   586.1   679.6  3360.3 12389.3  20671.8    20658
read      373.1   317.0   160.7   209.5   223.9   362.1   416.6   441.8   458.4   476.4   500.5   535.4   637.5  3314.6 13867.0  13863.1    13840
read      373.6   246.5   148.8   208.5   224.1   341.5   403.7   441.8   470.2   505.8   549.8   620.8   780.3  2384.0  9922.6  93483.3    93419
read      366.6   194.2   148.8   209.5   225.2   338.4   398.1   433.7   461.2   494.6   537.0   600.9   744.9  1819.9  7732.2  98414.3    98284
read      372.0   199.2   148.8   207.8   222.9   338.5   405.9   446.6   476.6   515.0   561.7   628.7   764.0  2195.5  7710.7  71229.8    71313
read      388.7   382.4   148.8   205.8   221.2   336.9   413.5   464.9   507.2   548.4   590.1   648.8   907.6  4034.4 17687.5  42145.0    42089
read      380.7   340.9   148.8   203.1   216.7   332.5   400.3   446.9   487.3   534.2   583.4   646.7   941.1  3920.5 13660.1  46394.0    46458
read      376.4   309.8   148.8   203.1   216.5   328.9   416.9   469.4   507.2   541.2   578.3   628.3   762.6  2346.6 10881.9  30663.8    30755
read      379.7   373.0   148.8   203.3   217.2   333.4   403.8   454.3   494.7   538.2   584.3   643.4   802.2  2976.8 13660.3  42913.7    42889
read      363.0   262.8   148.8   206.1   220.7   330.2   390.9   426.0   452.8   485.7   529.8   594.0   747.1  2464.5 10464.9  93509.1    93552
read      373.2   270.2   148.8   205.0   219.1   336.9   403.2   443.2   474.3   516.4   566.6   635.3   787.8  2136.6 10012.7  65567.4    65694
read      464.9   476.1   148.8   204.8   220.1   373.9   493.6   564.9   627.4   717.8   824.6   960.5  1244.7  4799.7 13923.1  29644.7    29574
read      476.4   539.7   148.8   204.0   219.2   341.9   434.8   514.2   581.0   687.1   937.9  1249.5  1719.3  6312.6 18233.1  51439.6    51355
read      371.9   282.8   148.8   203.8   217.5   335.1   401.2   440.6   471.2   511.8   560.5   629.7   784.0  2925.4 11290.0  67257.6    67361
read      375.4   309.4   148.8   207.0   221.2   356.9   422.0   451.4   469.7   492.0   517.2   550.4   680.7  4306.0 11857.4  16320.9    16287
read      367.3   293.4   148.8   204.3   218.7   330.3   395.1   433.3   462.7   498.9   544.7   614.4   764.3  3200.8  9388.4  81328.3    81508
read      362.7   259.8   148.8   204.5   218.8   329.1   392.2   429.3   457.7   492.8   537.6   604.7   745.9  2464.8 10330.7  87578.9    87619
read      365.8   258.9   148.8   207.8   223.3   335.6   395.1   430.6   457.8   491.3   534.9   599.9   742.8  2386.0  8851.2  99143.8    99068
read      373.6   266.0   148.8   202.6   216.3   335.3   400.8   443.8   479.8   525.8   576.0   639.8   794.9  1962.9  8662.7  51282.9    51267
read      364.1   304.2   148.8   207.8   222.2   355.0   400.3   421.9   435.6   453.0   470.8   505.4   619.6  4123.2 12714.7  11811.7    11822
read      368.8   355.9   148.8   207.3   222.6   334.8   395.0   430.5   457.7   491.1   534.6   599.6   755.0  3305.4 14904.9  97319.9    97494
read      368.8   243.2   148.8   208.4   223.8   336.6   397.4   433.4   461.4   495.9   540.6   609.6   786.1  2197.4 10657.0  97297.3    97350
read      372.2   233.8   148.8   203.5   217.1   335.6   400.5   441.7   475.8   522.2   574.2   639.9   779.7  1991.0  8094.0  55498.1    55460
read      367.2   269.6   148.8   205.6   220.2   332.4   396.7   434.5   463.5   499.6   545.4   616.5   777.4  2427.2 11887.5  86094.3    85984
read      366.2   239.5   148.8   204.6   218.9   331.8   397.1   435.6   465.2   501.9   548.1   618.9   765.8  2404.5  7436.4  82186.0    82043
read      372.2   227.4   148.8   203.3   217.0   333.0   398.6   441.6   478.6   526.2   578.0   641.9   794.0  2093.0  8160.7  52856.2    52873
read      371.8   252.7   160.7   208.9   223.0   360.2   417.3   443.3   460.1   478.9   502.6   538.1   650.4  3778.3  9423.4  13887.4    13911
read      373.7   273.6   148.8   203.8   217.7   334.6   400.9   445.9   483.7   530.1   579.3   641.6   772.3  1948.6  9060.7  49915.0    49984
read      384.6   617.1   160.7   216.2   232.1   353.3   390.9   409.1   422.6   436.2   458.3   494.8   912.0  9004.8 31389.0   9284.4     9274
read      377.6   364.3   148.8   202.6   215.7   327.9   423.6   471.7   504.5   535.1   568.0   612.3   740.5  3979.1 15407.5  27158.1    27187
read      368.6   268.2   148.8   204.2   217.5   347.4   425.3   458.4   479.5   502.6   528.5   561.2   637.2  3200.5 11719.6  18769.4    18735
read      358.4   271.4   148.8   204.9   219.1   326.2   388.2   424.1   451.7   486.1   532.3   596.1   726.9  2045.7 12918.4  86608.6    86505
read      358.7   291.1   148.8   205.0   219.4   325.4   384.7   419.8   446.6   480.0   525.9   591.7   735.3  2383.1  9991.5  93228.1    93039
read      364.0   333.2   148.8   203.3   216.7   325.7   389.9   428.0   457.8   495.9   545.1   616.0   747.9  2531.3 12986.8  76097.4    75999
read      447.3   397.8   148.8   203.6   218.3   357.7   473.8   542.2   591.3   671.4   796.5   956.4  1233.2  4218.0 12177.1  32419.3    32324
read      537.6   546.9   148.8   213.8   232.9   392.4   459.4   511.3   564.4   651.6  1338.5  1652.3  2185.8  4245.6 13629.9  84200.1    84255
read      359.8   238.5   148.8   203.8   217.5   326.3   389.1   426.2   454.6   490.1   536.2   602.2   736.5  2471.0  8037.8  81711.3    81759
read      365.5   243.4   148.8   200.7   214.1   318.7   395.6   449.1   489.7   531.2   572.0   622.4   723.0  2707.4  9055.5  37465.9    37291
read      368.8   264.4   148.8   203.8   217.6   329.2   393.5   435.2   471.5   521.5   573.6   636.0   745.9  1962.7 10422.8  53750.6    53818
read      372.4   241.8   148.8   204.3   218.3   323.4   416.2   468.7   505.5   539.5   574.1   618.5   715.7  3264.0  9930.6  30272.2    30297
read      370.2   231.6   148.8   203.2   216.5   321.1   412.1   466.6   504.9   540.7   576.3   622.2   733.1  2136.2  8317.9  31698.8    31569
read      368.2   258.8   148.8   201.5   214.6   319.5   396.0   451.0   493.6   536.5   578.3   629.4   732.4  3244.9  8589.0  38930.4    38927
read      369.7   367.1   160.7   212.1   227.0   353.4   396.0   416.2   429.2   444.7   463.9   497.5   648.8  5485.8 14203.7  10604.1    10652
read      357.0   208.2   148.8   206.6   221.2   326.5   383.9   417.5   442.9   474.0   518.1   584.3   740.5  2233.4  7269.5  98013.7    98119
read      368.8   303.4   148.8   201.3   214.9   325.5   391.6   436.1   474.8   524.7   574.4   633.3   748.0  2184.5 14011.4  48139.2    48176
read      369.8   288.5   148.8   201.7   214.8   320.5   403.2   459.3   499.7   539.3   578.2   627.7   738.1  2315.3  9744.3  34874.2    34929
read      366.0   279.7   148.8   204.1   217.8   329.7   394.6   432.9   463.4   503.1   552.8   622.0   749.7  2160.2 10793.6  69748.0    69735
read      373.4   328.6   148.8   204.4   217.8   342.0   426.4   463.2   487.3   512.4   539.1   576.9   683.4  3456.0 11664.7  20734.9    20753
read      366.8   281.7   148.8   205.8   220.0   329.5   392.0   428.9   457.6   493.5   540.2   610.7   792.4  2686.0  9964.7  84752.6    84642
read      366.5   219.9   148.8   202.9   216.3   321.5   394.0   445.9   488.3   535.8   581.4   634.7   734.7  1799.0  8565.1  42346.6    42333
read      436.9   395.6   148.8   207.4   222.6   337.4   412.1   470.6   526.0   594.1   716.9  1105.6  1677.5  3205.3 11254.9  61625.7    61587
read      362.1   205.8   148.8   204.7   218.6   329.1   394.1   432.0   461.6   499.6   547.5   616.3   743.6  1919.1  7748.3  77944.9    77998
read      359.2   247.8   148.8   206.8   221.5   327.6   386.1   420.4   446.6   478.6   522.1   586.7   740.7  2138.3  8914.0  97543.9    97625
read      376.2   334.9   148.8   202.9   215.7   332.7   430.3   473.6   502.6   530.8   560.7   596.5   691.1  3572.9 11650.3  23771.2    23781
read      368.3   257.1   148.8   203.7   217.2   330.6   395.5   434.2   465.6   507.5   561.0   630.7   775.5  2469.5  8815.1  66799.4    66723
read      375.5   307.4   148.8   201.8   214.9   321.8   416.1   470.5   507.7   542.1   577.2   623.3   748.2  4184.8  9792.9  30972.0    31016
read      378.8   223.6   148.8   204.7   219.4   335.9   411.9   463.1   504.2   549.0   592.4   653.1   813.2  1729.3  8476.4  47499.2    47394
read      354.3   180.7   148.8   207.9   222.8   328.1   386.8   420.8   446.6   477.6   520.5   582.5   697.8  1125.7  7140.5  95332.1    95335
read      370.4   427.8   160.7   235.0   259.1   340.9   366.7   380.9   391.7   402.5   422.2   456.1   777.2  7105.9 17005.7   5266.3     5252
read      360.7   193.6   148.8   204.5   218.8   328.6   393.2   432.1   463.7   505.3   557.4   616.7   707.4  1150.3  7934.0  65693.4    65908
read      391.2   280.3   148.8   213.2   228.6   381.0   452.4   482.7   502.6   524.1   546.6   581.7   646.8  3535.6 10784.8  16910.7    16889
read      376.9   206.9   148.8   204.3   219.0   330.9   412.2   470.3   517.7   562.6   604.6   651.4   735.8  1247.5  8394.2  42944.8    42912
read      354.8   184.5   148.8   210.7   225.6   330.0   386.3   418.8   443.0   472.2   513.7   576.0   689.8  1165.1  7224.0  99811.6    99898
read      381.9   245.7   148.8   206.8   221.9   339.9   441.7   488.2   517.8   546.0   575.6   614.3   692.7  1918.1 10046.3  26462.8    26385
read      383.3   242.0   148.8   209.4   224.8   353.6   447.8   486.6   511.7   535.9   562.4   592.2   669.8  2166.0 10484.9  22559.4    22616
read      370.6   216.4   148.8   205.9   220.5   332.3   402.2   450.2   490.3   539.1   586.1   635.4   719.5  1141.5  8690.9  50754.1    50605
read      355.2   174.2   148.8   208.8   223.2   325.8   385.7   420.7   447.2   479.9   525.2   589.5   708.3  1568.9  7271.8  90584.8    90283
read      384.6   227.1   148.8   207.2   222.1   341.8   450.1   498.4   526.9   554.2   581.1   618.2   689.3  1872.8  8700.3  26323.0    26273
read      368.3   202.7   148.8   204.4   218.9   329.0   399.0   448.2   488.5   536.4   582.6   632.3   718.3  1360.6  9098.5  48662.6    48521
read      377.4   240.3   148.8   203.3   217.7   327.9   424.2   485.2   524.8   561.4   594.8   635.1   715.8  1430.0  9788.7  34075.2    34058
read      361.3   209.0   148.8   206.1   220.6   328.5   394.1   433.0   463.5   502.3   551.3   616.1   720.9  1009.2  8684.4  75629.3    75648
read      385.2   256.1   148.8   210.0   225.5   369.3   449.7   482.7   504.3   526.5   549.0   582.9   654.2  2393.7 10312.1  19519.9    19482
read      392.1   405.5   160.7   217.4   231.9   382.2   442.0   467.1   484.7   503.3   526.4   553.7   629.0  4222.1 19702.2  15126.3    15054
read      364.2   199.0   148.8   207.5   222.6   330.6   396.7   435.4   465.7   504.8   555.0   620.5   732.6  1394.2  7925.5  75653.8    75754
read      383.9   451.8   160.7   242.0   267.1   351.1   376.4   391.7   401.3   416.0   433.4   469.2  1084.2  7875.3 15882.2   5159.9     5187

Total QPS = 50839.3 (45755404 / 900.0s)

Total connections = 64
Misses = 0 (0.0%)
Skipped TXs = 0 (0.0%)

RX 11301584788 bytes :   12.0 MB/s
TX          0 bytes :    0.0 MB/s
Warning! Detected max cpu usage > 95%
CPU Usage Stats (avg/min/max): 99.96%,50.00%,100.00%