Random waveform, supplied seed
Total number of intervals = 60 (7434, 67201, 85927, 63953, 31595, 87879, 7287, 62295, 6561, 22532, 60653, 59076, 60154, 22964, 8172, 27652, 37594, 24367, 33771, 84944, 85666, 51918, 34406, 28664, 38289, 20658, 13840, 93419, 98284, 71313, 42089, 46458, 30755, 42889, 93552, 65694, 29574, 51355, 67361, 16287, 81508, 87619, 99068, 51267, 11822, 97494, 97350, 55460, 85984, 82043, 52873, 13911, 49984, 9274, 27187, 18735, 86505, 93039, 75999, 32324)
Average QPS expected = 51565
Timestamp start: 1714855518859
Timestamp end: 1714856419400

#type       avg     std     min      p5     p10     p50     p67     p75     p80     p85     p90     p95     p99    p999   p9999      QPS   target
read      440.5   982.9   160.7   216.1   232.9   367.5   415.8   441.0   458.9   479.0   505.1   550.0  1866.5 13992.0 32509.2   7453.8     7434
read      478.4   760.2   148.8   209.7   224.9   353.8   428.4   477.2   517.0   570.0   649.2  1005.1  2815.7  8313.4 31389.8  67152.6    67201
read      384.1   395.6   148.8   208.2   222.8   337.4   400.4   438.8   468.2   504.3   552.8   633.7  1165.1  4159.2 15071.6  85978.2    85927
read      371.1   239.6   148.8   204.9   218.5   336.1   403.7   444.7   476.0   515.2   566.9   639.3   785.2  2065.1  9092.6  63887.6    63953
read      488.6   426.8   148.8   210.6   225.9   390.8   523.2   605.8   680.3   777.1   889.8  1051.9  1352.8  3999.2 13640.7  31591.6    31595
read      519.2   528.5   148.8   217.0   235.1   391.4   471.3   524.0   566.8   627.5   777.9  1631.7  2026.7  4973.1 14052.3  87926.8    87879
read      357.1   537.8   160.7   216.9   232.6   332.3   361.8   376.7   389.1   401.5   420.6   449.7   586.2  6343.2 25983.4   7280.2     7287
read      397.4   287.8   148.8   207.6   221.9   336.7   404.2   451.3   489.8   537.1   598.7   709.3  1525.3  2509.4  9344.0  62325.5    62295
read      410.3   626.7   160.7   219.3   238.7   363.0   410.9   436.2   454.5   473.3   501.2   548.5  1538.8  7258.3 30206.3   6565.7     6561
read      492.7   353.8   160.7   211.1   226.0   416.4   546.7   640.1   715.7   789.7   867.3   979.2  1184.2  3276.0 13234.8  22559.3    22532
read      415.1   295.6   148.8   210.4   225.2   354.5   429.3   476.1   511.9   556.0   618.4   747.2  1661.3  2487.0  8044.8  60607.9    60653
read      383.6   216.3   148.8   207.5   221.4   347.8   421.0   464.3   497.2   536.3   586.4   664.7   847.9  1916.3  7766.0  59110.3    59076
read      420.2   329.1   148.8   208.6   223.2   348.6   425.3   475.1   514.3   564.7   638.5   846.2  1619.1  2399.7  9899.3  60244.4    60154
read      378.8   233.6   160.7   207.8   221.3   347.8   433.0   473.4   498.5   526.1   558.4   609.5   743.3  2159.5  8673.2  23026.2    22964
read      415.9   616.6   160.7   212.0   229.4   366.3   422.7   454.2   475.8   502.2   537.0   589.7  1436.6  8079.5 29611.3   8172.1     8172
read      507.9   503.4   160.7   207.8   222.3   387.2   534.2   647.1   751.5   847.3   946.5  1082.2  1363.9  6170.4 19448.6  27632.5    27652
read      499.3   439.9   148.8   207.0   222.2   363.0   495.7   596.5   708.7   858.6  1013.1  1198.3  1498.6  3835.6 11162.7  37663.5    37594
read      494.2   540.3   160.7   205.0   219.3   402.4   526.6   615.4   688.0   768.2   856.5   983.1  1342.1  6767.2 26548.5  24391.3    24367
read      511.8   528.7   148.8   207.7   222.0   366.7   516.3   633.2   762.5   885.2  1005.2  1158.3  1470.8  6227.1 21019.0  33787.3    33771
read      512.7   465.5   148.8   218.9   236.6   390.4   470.5   527.3   576.9   651.3   803.4  1606.6  2030.8  3142.8 12147.5  85042.1    84944
read      370.7   231.9   148.8   209.9   224.2   336.5   399.9   437.8   466.9   502.7   549.6   624.7   787.0  2154.3  8287.2  85787.6    85666
read      378.3   264.0   148.8   205.5   218.9   336.7   407.0   454.2   491.5   535.2   587.8   657.7   801.5  2213.5 10357.1  51885.3    51918
read      400.8   307.4   148.8   204.1   217.5   345.1   431.9   485.1   522.0   564.8   620.5   723.2  1169.1  2321.8 12474.4  34458.7    34406
read      506.2   504.4   148.8   207.6   222.3   397.2   541.0   644.5   737.6   827.7   925.6  1063.9  1338.6  6016.6 14455.5  28672.0    28664
read      517.5   590.9   148.8   210.6   225.5   362.3   507.9   619.7   750.3   896.7  1041.2  1215.4  1553.1  6341.0 25314.4  38388.3    38289
read      486.9   549.6   160.7   207.1   222.3   420.2   531.1   605.9   662.9   725.4   793.7   891.9  1155.2  6944.3 30588.0  20727.9    20658
read      481.1   858.0   160.7   209.7   226.1   406.0   495.2   549.0   585.0   624.5   672.4   746.2  1244.4 11249.2 34958.8  13805.0    13840
read      593.8   583.5   148.8   235.1   264.1   442.2   531.5   595.2   656.7   758.0  1360.8  1699.9  2226.0  5413.0 15661.6  93446.2    93419
read      365.4   237.3   148.8   209.1   224.7   334.7   393.0   428.1   455.2   488.2   532.5   602.3   767.1  2182.6  7544.9  98436.0    98284
read      363.8   225.8   148.8   204.0   217.2   326.1   393.8   434.6   466.9   505.3   553.8   627.4   782.3  2148.8  8163.8  71369.5    71313
read      414.5   368.9   148.8   203.4   216.5   337.2   423.4   482.9   526.5   577.2   645.6   886.9  1387.6  3590.3 12653.6  42148.7    42089
read      502.5   463.6   160.7   208.9   224.0   346.1   460.7   562.0   676.1   885.3  1088.9  1313.7  1661.7  4139.8 12792.7  46448.3    46458
read      501.5   531.0   148.8   204.7   219.1   380.7   525.0   630.3   730.6   829.4   932.9  1074.2  1360.6  6401.2 24689.0  30726.1    30755
read      505.9   509.2   160.7   208.3   223.3   348.2   473.6   576.0   700.0   889.4  1063.1  1266.7  1601.4  5665.3 15787.2  42804.2    42889
read      554.2   502.5   148.8   224.4   249.3   424.6   505.2   563.6   620.1   718.7   973.4  1648.8  2013.5  3477.9 14097.0  93613.9    93552
read      364.1   224.1   148.8   199.9   213.1   328.2   396.6   436.1   466.8   503.6   552.2   630.5   803.6  1938.1  8271.3  65804.7    65694
read      408.7   425.1   148.8   201.1   213.7   341.4   440.5   492.9   527.8   569.1   628.7   784.0  1146.0  5332.0 18614.8  29548.2    29574
read      499.6   470.3   148.8   207.3   223.4   344.3   448.0   541.3   635.1   847.9  1090.8  1359.5  1754.7  3670.7 13747.7  51345.4    51355
read      409.1   334.1   148.8   207.8   222.4   340.3   414.2   462.5   500.9   547.8   618.8   777.7  1622.3  2571.5  9861.9  67368.9    67361
read      372.0   355.9   148.8   206.2   218.9   356.7   423.0   452.7   470.8   491.5   513.9   548.2   651.6  3777.5 13530.2  16270.3    16287
read      526.9   511.5   148.8   211.2   229.1   385.0   466.5   520.2   566.8   638.7  1221.2  1682.3  2123.8  3127.9 12450.8  81452.7    81508
read      358.9   209.2   148.8   204.4   218.5   325.1   387.3   424.3   452.8   487.4   533.2   605.1   768.7  2169.8  8096.7  87699.1    87619
read      370.5   244.3   148.8   208.2   224.2   337.8   396.7   431.9   459.3   492.9   538.4   614.3   842.3  2170.6  9390.4  99085.1    99068
read      361.0   188.3   148.8   201.3   214.6   327.6   400.3   443.5   476.0   513.3   554.1   608.3   720.0  1315.9  7461.1  51255.7    51267
read      363.2   340.1   148.8   208.6   223.2   358.6   402.4   422.9   435.7   451.8   468.3   497.8   572.3  3220.0 15570.3  11763.9    11822
read      350.1   157.2   148.8   206.2   221.2   324.7   381.8   415.3   440.2   470.7   510.5   572.9   703.1  1085.1  5562.3  97552.2    97494
read      355.3   166.2   148.8   208.0   223.2   328.8   386.9   421.3   447.2   478.3   519.5   582.2   724.4  1271.2  5832.1  97407.0    97350
read      359.7   182.5   148.8   201.4   214.6   325.6   397.8   441.1   474.3   513.2   555.0   608.3   710.9  1347.8  7318.0  55418.9    55460
read      353.8   166.7   137.8   204.8   219.5   325.5   387.9   424.1   451.4   484.0   525.4   585.7   721.0  1249.0  6461.0  86001.5    85984
read      349.9   163.1   148.8   201.7   215.3   320.1   382.9   420.0   448.2   482.1   525.2   586.5   727.4  1263.1  5033.9  82007.4    82043
read      358.4   195.2   148.8   198.7   212.1   325.2   397.5   440.7   473.2   509.9   549.2   602.6   724.7  1281.2  7330.3  52880.3    52873
read      354.5   272.0   148.8   205.5   219.1   351.9   398.6   420.3   433.8   450.0   466.9   495.9   562.7  2008.0 12021.2  13870.1    13911
read      357.1   204.1   148.8   196.3   210.1   323.2   395.9   439.9   472.7   509.5   548.4   599.9   724.4  1371.2  8060.6  49911.9    49984
read      351.6   357.1   160.7   209.0   224.7   342.8   376.6   393.2   403.6   418.4   433.6   462.2   555.2  3936.1 14532.8   9302.6     9274
read      360.3   250.7   148.8   196.7   210.2   329.0   415.8   456.4   480.6   504.5   532.2   571.0   680.8  1787.4 10779.1  27195.3    27187
read      358.2   253.2   148.8   202.0   215.1   347.7   411.7   439.7   457.0   474.8   496.8   528.5   612.9  2371.3 12218.7  18743.3    18735
read      352.4   171.0   148.8   203.5   217.8   325.6   387.1   422.1   448.4   479.8   520.6   582.6   725.9  1221.2  5754.5  86478.7    86505
read      348.6   177.3   148.8   204.3   218.8   323.2   381.6   415.4   440.3   470.2   508.7   569.3   696.9  1181.5  5582.6  93008.5    93039
read      352.8   173.5   148.8   203.0   216.5   323.5   388.2   425.4   453.8   487.7   529.2   586.9   715.1  1235.6  5901.7  76009.9    75999
read      368.2   210.8   148.8   197.5   211.6   326.5   422.7   473.4   504.6   534.9   568.3   613.7   715.0  1589.7  7921.8  32326.5    32324

Total QPS = 51580.4 (46422368 / 900.0s)

Total connections = 64
Misses = 0 (0.0%)
Skipped TXs = 0 (0.0%)

RX 11466324896 bytes :   12.2 MB/s
TX          0 bytes :    0.0 MB/s
Warning! Detected max cpu usage > 95%
CPU Usage Stats (avg/min/max): 99.96%,49.49%,100.00%