Random waveform, supplied seed
Total number of intervals = 90 (5031, 67334, 51649, 73589, 91358, 44450, 7177, 23163, 24926, 23221, 51608, 36817, 74496, 51229, 33392, 78828, 86649, 36448, 51255, 88054, 95434, 55468, 35971, 5833, 41593, 67507, 95680, 16259, 89361, 19364, 18661, 78582, 32121, 8892, 66897, 15837, 24329, 54939, 63390, 72411, 64156, 28719, 12068, 42460, 6453, 16922, 20228, 9028, 74023, 77744, 96135, 56536, 26309, 82998, 47599, 20182, 92427, 61928, 14115, 62408, 90512, 70979, 24053, 73252, 45434, 27895, 47202, 90648, 76620, 21265, 55390, 54223, 91883, 32945, 79021, 97265, 48905, 19593, 75789, 16286, 61636, 42119, 69822, 62342, 36791, 11685, 67480, 23308, 97789, 24818)
Average QPS expected = 50095
Timestamp start: 1715093450044
Timestamp end: 1715094350543

#type       avg     std     min      p5     p10     p50     p67     p75     p80     p85     p90     p95     p99    p999   p9999      QPS   target
read      402.8   736.7   173.5   246.1   272.7   361.4   390.8   405.8   419.4   433.0   455.0   492.1   692.0  9191.6 34150.3   5000.5     5031
read      393.7   356.6   148.8   207.2   222.2   338.5   413.0   461.0   499.6   548.2   613.2   699.2   994.3  3415.3 10188.9  67049.4    67334
read      406.5   375.1   148.8   205.6   220.5   342.3   425.4   484.0   532.2   589.3   652.5   731.5  1171.8  4771.2 10194.0  51699.3    51649
read      387.4   291.6   148.8   207.6   222.8   339.6   414.5   460.6   495.9   539.9   598.3   683.5   874.1  2726.6  8612.3  73667.7    73589
read      384.2   302.2   148.8   210.2   226.3   345.4   412.4   453.3   484.1   522.0   572.9   651.7   857.7  2167.5 12266.6  91288.6    91358
read      406.9   366.1   148.8   205.3   220.8   341.9   431.8   498.0   547.7   600.6   656.8   728.0  1061.8  4248.9 10241.2  44541.5    44450
read      406.1   752.0   173.5   234.6   256.9   377.1   413.7   432.2   446.1   461.6   481.9   514.3   639.8  8543.5 33605.9   7168.6     7177
read      406.8   389.8   148.8   201.3   215.0   358.5   475.8   522.9   551.7   581.9   617.1   666.7   823.7  4713.8 16099.9  23141.3    23163
read      405.0   344.7   148.8   201.3   215.2   350.6   476.2   528.4   559.6   590.9   626.5   675.5   794.2  4392.1 12431.8  25035.5    24926
read      400.2   311.7   160.7   201.7   215.9   356.3   476.5   525.1   554.3   584.2   617.9   662.8   761.3  2550.2 10211.6  23272.8    23221
read      386.3   261.0   148.8   203.1   217.2   335.3   416.8   473.5   520.4   573.0   629.1   694.8   823.5  2081.6  8646.6  51634.5    51608
read      504.2   474.9   148.8   210.0   226.9   400.5   545.6   632.9   705.8   791.1   894.6  1069.6  1456.2  5022.6 16498.6  36824.5    36817
read      605.9   549.6   148.8   222.9   244.9   425.7   527.2   600.1   678.6   914.3  1552.8  1771.9  2302.9  3157.8 13068.4  74637.8    74496
read      390.4   202.8   148.8   205.9   221.1   341.8   424.8   482.8   530.1   582.7   638.4   707.6   830.7  1638.1  5942.1  51278.0    51229
read      397.0   238.8   148.8   203.1   217.4   341.1   453.1   518.7   558.5   598.0   639.1   692.3   799.6  2010.2  8126.7  33330.1    33392
read      377.8   207.0   148.8   208.3   223.5   339.2   409.5   453.3   486.4   527.2   580.9   663.5   819.9  1850.9  7061.2  78934.0    78828
read      380.2   225.8   148.8   209.9   225.7   342.5   410.9   452.7   483.8   521.7   572.3   650.4   833.2  2150.9  9558.5  86749.6    86649
read      398.0   276.9   148.8   202.4   216.0   337.2   441.1   512.0   556.8   601.3   647.6   707.5   851.1  2805.8  9146.6  36440.0    36448
read      389.6   254.6   148.8   204.8   219.4   339.9   420.1   475.2   520.8   573.7   631.9   702.8   857.4  2006.2  8013.4  51381.8    51255
read      384.6   216.3   148.8   211.6   227.4   347.9   416.7   458.3   490.1   528.7   579.3   658.5   856.6  2126.0  6442.9  88266.9    88054
read      384.0   196.5   148.8   214.2   230.8   350.4   415.8   455.5   485.5   522.3   571.5   646.8   837.6  1882.5  6802.3  95438.7    95434
read      389.5   220.8   148.8   205.6   220.3   342.1   421.7   473.6   517.7   569.5   629.9   705.4   857.6  1911.4  6434.3  55391.8    55468
read      394.7   261.6   148.8   200.8   214.7   338.1   439.5   506.6   550.0   594.1   640.1   699.2   830.3  2253.6  9378.2  35983.7    35971
read      380.9   565.9   160.7   235.1   259.3   356.9   388.7   404.7   418.3   431.9   453.0   488.3   619.5  4901.5 31014.7   5759.3     5833
read      390.5   225.4   148.8   202.4   216.4   337.7   427.4   492.1   539.4   588.2   639.0   702.5   836.0  1617.6  7834.5  41548.3    41593
read      386.8   214.2   148.8   207.0   221.7   342.1   419.9   467.3   504.4   549.9   609.6   690.5   871.2  2065.2  6397.5  67664.2    67507
read      670.0   615.4   160.7   262.5   301.1   500.0   646.5   730.6   791.8   884.5  1475.6  1741.7  2496.6  6671.3 16563.0  95875.2    95680
read      392.4   268.5   160.7   207.5   222.3   377.7   455.3   488.8   509.4   532.9   559.7   597.0   717.4  3529.0  9898.2  16335.7    16259
read      374.0   186.0   137.8   210.1   225.5   341.1   406.8   447.5   477.2   513.8   562.7   636.7   796.9  1589.2  6270.1  89395.4    89361
read      413.3   484.7   148.8   205.4   220.1   376.1   469.0   508.3   533.1   559.5   589.8   636.5   868.6  5336.3 27431.0  19316.7    19364
read      395.9   298.2   160.7   205.1   219.4   372.1   464.7   503.5   527.5   551.8   582.4   625.9   739.1  2811.9 14007.3  18686.8    18661
read      384.5   263.6   148.8   208.5   223.6   341.7   415.2   459.9   493.7   534.6   588.1   670.4   856.4  2584.0  8532.7  78539.4    78582
read      397.2   331.4   148.8   201.1   214.8   338.0   447.5   513.0   553.6   594.1   636.8   690.6   822.0  2876.3 12412.7  32259.0    32121
read      400.0   526.1   160.7   224.3   243.0   381.1   424.2   445.8   460.1   476.0   498.6   533.1   643.5  6680.8 27952.9   8907.7     8892
read      384.2   240.8   148.8   206.2   220.8   338.3   414.3   461.6   499.2   545.5   606.0   686.3   861.4  2173.8  8164.5  66833.5    66897
read      404.7   433.4   160.7   208.3   223.6   389.5   465.1   498.2   519.5   541.6   570.0   610.3   728.9  4472.2 17741.0  15759.3    15837
read      403.9   329.3   148.8   203.5   217.9   354.9   472.5   523.4   553.9   585.4   621.7   671.5   804.6  4110.4 10049.1  24221.2    24329
read      393.4   301.8   148.8   205.2   219.9   341.9   422.9   475.3   519.8   573.8   634.6   710.6   879.5  2366.6  9180.4  54796.0    54939
read      465.0   502.1   148.8   209.5   225.6   346.8   432.4   495.9   550.4   628.8   755.0  1226.1  1863.0  5277.1 14620.4  63382.9    63390
read      384.4   246.4   148.8   206.5   221.1   338.5   412.4   458.4   494.3   538.7   596.1   681.7   893.6  2498.3  9084.9  72459.3    72411
read      383.6   278.4   148.8   204.7   218.9   336.7   412.3   460.5   499.0   546.6   607.0   683.5   842.1  2422.5  9737.2  64054.6    64156
read      404.0   339.5   148.8   202.3   216.1   341.1   460.3   520.8   557.0   593.9   633.5   686.1   855.3  4132.7 10933.2  28731.6    28719
read      392.2   333.0   160.7   215.0   230.4   383.8   442.3   468.4   486.2   504.4   529.1   564.0   669.0  3783.4 13487.9  12124.4    12068
read      399.0   371.2   148.8   203.0   216.9   341.3   430.9   494.8   542.9   593.2   645.8   711.5   871.1  3012.6 12687.1  42434.4    42460
read      393.4   696.5   173.5   231.2   253.7   359.9   393.5   411.4   424.6   438.4   459.6   492.8   614.3  8203.3 32041.9   6401.5     6453
read      399.8   321.1   148.8   207.4   222.5   383.7   466.1   501.0   523.3   546.0   574.9   615.6   726.1  3708.6 13978.1  16896.0    16922
read      403.9   337.4   148.8   205.3   219.8   374.1   474.9   517.2   542.7   570.3   600.7   641.5   749.9  3843.1 11789.8  20248.5    20228
read      403.1   464.8   160.7   224.9   243.5   382.6   426.6   448.6   463.2   480.6   502.4   539.5   805.9  5951.1 24277.9   9028.4     9028
read      574.1   598.1   148.8   214.2   233.0   389.8   468.4   539.0   618.9   845.9  1468.6  1707.4  2544.9  5146.2 13963.8  73894.2    74023
read      378.7   260.8   148.8   206.7   221.5   334.5   404.4   449.4   483.5   526.6   583.1   666.5   859.7  2461.8  9577.4  77895.8    77744
read      383.1   366.6   148.8   210.6   226.7   343.0   405.6   444.9   474.0   511.3   561.8   639.7   834.0  3538.4 12407.7  96179.3    96135
read      387.0   320.5   148.8   203.2   217.3   334.6   411.6   464.3   508.1   563.0   626.0   698.2   860.8  2594.1 11363.4  56448.9    56536
read      396.7   295.2   148.8   200.9   214.5   342.4   465.6   520.0   552.5   585.0   621.1   670.1   788.4  3418.0 10451.2  26341.6    26309
read      381.3   332.7   148.8   206.6   221.8   334.7   402.5   445.0   477.1   518.0   573.3   658.7   888.9  3491.4  9918.6  83082.5    82998
read      392.8   335.2   148.8   202.6   216.5   335.6   419.8   481.3   531.4   586.2   642.7   709.4   867.4  2219.9  9924.1  47629.9    47599
read      405.7   382.7   148.8   203.5   218.1   376.2   476.1   517.1   542.2   569.4   598.8   639.9   752.1  4678.0 12897.6  20152.0    20182
read      380.8   333.6   148.8   210.0   225.8   341.5   405.0   445.1   474.9   512.3   562.3   639.4   847.7  2501.5 14570.1  92530.5    92427
read      386.3   296.0   148.8   205.1   219.7   335.9   411.2   461.7   502.8   554.7   617.8   692.1   867.2  2273.6 10489.9  61978.1    61928
read      400.1   313.5   148.8   209.3   225.1   392.7   460.0   489.8   508.7   530.6   554.2   590.9   688.0  4051.2 13754.4  14130.4    14115
read      385.0   278.6   148.8   204.4   219.0   333.2   408.7   460.6   502.8   555.7   620.6   696.8   864.0  2371.4  8662.0  62334.4    62408
read      380.5   324.9   148.8   208.6   224.1   339.0   404.0   444.6   474.8   513.1   565.7   646.1   874.2  2703.1 12776.8  90358.3    90512
read      379.6   232.0   148.8   205.6   220.2   334.0   407.4   454.2   491.1   537.7   598.3   681.8   851.8  2147.3  6102.5  70997.0    70979
read      483.7   725.0   148.8   205.7   221.5   406.7   523.9   584.8   629.9   684.9   758.9   866.9  1240.9 10339.8 32175.2  24056.5    24053
read      782.1   723.6   148.8   244.7   281.3   453.5   663.1  1293.9  1487.7  1595.6  1706.8  1866.3  2754.4  5480.1 18710.7  73278.4    73252
read      389.1   280.8   148.8   201.1   214.8   334.1   419.4   484.3   534.8   588.5   642.2   704.6   827.9  1959.4  8572.1  45355.3    45434
read      402.1   426.6   148.8   199.2   213.3   338.7   461.3   520.4   555.2   589.8   627.6   677.0   801.5  4169.8 19040.1  27917.6    27895
read      391.2   271.9   148.8   202.7   216.4   337.3   422.0   483.8   533.4   587.7   644.5   710.6   853.3  1899.1  9182.4  47211.9    47202
read      376.5   262.8   148.8   208.8   224.5   336.8   400.9   440.4   470.0   507.6   557.8   637.4   864.2  2613.0 10382.5  90578.4    90648
read      378.3   259.5   148.8   206.5   221.4   334.2   404.3   449.8   484.4   527.8   584.7   668.7   858.7  2084.4  7649.5  76544.3    76620
read      403.2   374.3   148.8   202.3   216.2   364.2   474.2   518.2   544.8   573.2   604.9   646.1   752.0  4996.6 11773.9  21181.0    21265
read      387.8   382.8   148.8   203.7   217.7   337.4   415.8   468.5   512.4   566.3   627.0   697.7   860.3  2444.0  8759.4  55379.5    55390
read      386.4   276.0   148.8   203.1   216.8   333.3   411.7   466.2   511.6   566.6   626.8   695.8   860.7  2369.3 12028.2  54123.0    54223
read      375.8   289.1   148.8   208.0   223.4   336.9   399.8   438.7   468.7   506.4   556.4   635.2   835.9  2793.7  9761.0  91979.9    91883
read      392.0   297.8   148.8   198.4   212.5   332.4   443.1   508.1   547.7   586.4   627.6   681.1   805.3  2988.2 11965.0  32951.0    32945
read      368.2   178.6   148.8   206.0   220.6   331.7   401.2   444.7   476.6   516.3   568.2   641.6   782.5  1446.4  5601.4  79020.8    79021
read      367.3   176.0   148.8   210.6   226.5   338.7   399.5   436.6   464.9   498.8   542.4   612.1   752.8  1345.3  4857.4  97290.3    97265
read      383.0   218.6   148.8   202.0   215.8   337.1   416.8   472.0   517.1   567.5   620.6   684.5   806.1  1671.4  7924.1  48923.5    48905
read      411.3   328.3   148.8   207.8   223.8   385.5   477.6   517.2   542.1   571.2   606.7   665.8   827.5  3227.7 14118.3  19545.0    19593
read      778.3   672.7   148.8   256.0   292.3   446.7   687.8  1300.7  1478.4  1584.8  1690.4  1845.6  2721.1  3526.0 16370.6  75842.6    75789
read      432.3   313.0   148.8   208.8   226.0   406.4   498.6   544.6   575.7   610.2   651.4   712.0   849.7  3729.5 12058.5  16272.6    16286
read      469.8   353.8   148.8   209.3   225.6   343.6   452.7   539.6   621.0   741.8   916.2  1167.0  1675.2  2174.9  8520.3  61633.4    61636
read      471.0   306.6   148.8   206.4   222.4   378.7   520.7   600.5   669.1   748.6   846.9  1006.4  1335.2  1765.8  8073.6  42153.7    42119
read      490.9   398.1   148.8   215.3   232.8   349.4   447.2   532.6   621.7   775.0   995.3  1310.2  1869.5  2514.8  9508.4  69784.4    69822
read      466.8   352.2   148.8   208.3   224.4   341.8   451.9   539.6   620.4   743.9   910.8  1155.7  1627.4  2140.2  7991.6  62406.6    62342
read      468.4   294.4   148.8   206.0   222.4   395.5   526.9   603.9   667.5   737.1   817.9   943.1  1214.3  1673.2  8386.6  36819.7    36791
read      418.2   385.9   160.7   213.4   230.7   403.4   473.0   506.1   528.2   550.6   581.8   629.1   739.6  4386.4 18207.5  11643.5    11685
read      480.2   377.9   148.8   212.7   229.6   344.6   443.6   528.1   608.2   749.8   966.2  1260.4  1813.0  2448.3  9458.0  67403.6    67480
read      451.8   265.4   148.8   206.5   224.0   414.9   519.0   578.2   623.8   673.5   727.8   799.6   978.8  1456.7  9644.3  23213.0    23308
read      867.5   698.9   160.7   282.4   331.2   476.9  1295.1  1522.9  1594.4  1673.1  1758.1  1868.8  2741.8  3134.5 15072.8  97851.9    97789
read      569.6   529.9   148.8   213.0   233.4   412.0   536.9   635.5   715.6   835.0  1195.2  1605.2  1950.4  4763.9 14947.8  24945.4    24818

Total QPS = 50100.8 (45090756 / 900.0s)

Total connections = 64
Misses = 0 (0.0%)
Skipped TXs = 0 (0.0%)

RX 11137416732 bytes :   11.8 MB/s
TX          0 bytes :    0.0 MB/s
Warning! Detected max cpu usage > 95%
CPU Usage Stats (avg/min/max): 99.95%,50.50%,100.00%