0.0
#type       avg     std     min      p5     p10     p50     p67     p75     p80     p85     p90     p95     p99    p999   p9999      QPS   target       ts_start         ts_end
70.3
read      352.6   520.2   160.7   218.8   242.7   320.5   346.9   363.3   373.6   388.3   403.6   437.1   633.3  7241.9 21338.5   4916.4     5000  1714857831835  1714857837298
70.3
read      381.8   361.2   160.7   209.2   223.6   368.0   420.1   446.6   464.0   483.8   505.8   543.2   642.0  3851.6 15968.2  10004.6    10000  1714857838805  1714857844184
77.6
93.0
read      391.2   328.1   148.8   204.5   219.1   366.2   439.9   478.4   503.7   532.2   566.3   614.2   717.1  3692.5 12637.2  14988.6    15000  1714857845687  1714857851016
70.9
read      419.5   324.1   148.8   202.5   217.1   390.7   471.8   518.3   552.0   591.4   638.6   703.2   852.6  3377.3 12533.6  19989.4    20000  1714857852519  1714857857856
70.4
read      431.0   256.9   148.8   204.7   220.1   393.3   488.9   544.3   586.6   633.6   687.5   763.5   954.0  1761.2  8753.3  24908.8    25000  1714857859361  1714857864703
87.0
83.2
read      451.0   608.6   148.8   204.9   220.4   392.1   502.4   574.3   626.1   683.2   753.2   858.4  1130.5  1798.3 12063.5  30035.4    30000  1714857866207  1714857871536
70.3
read      438.1   282.6   148.8   201.5   215.5   365.8   483.3   562.2   624.1   687.0   757.9   872.0  1144.5  1591.2  9175.6  34848.2    35000  1714857873040  1714857878346
70.1
read      437.6   337.4   148.8   204.2   218.6   354.1   468.6   548.2   618.5   693.4   776.3   903.8  1168.9  1676.2 13951.7  39981.4    40000  1714857879851  1714857885153
95.8
74.7
read      441.5   304.9   148.8   205.0   219.0   335.9   442.0   529.9   618.3   721.8   839.7  1026.1  1306.8  1670.0  9950.3  44782.0    45000  1714857886657  1714857891967
70.5
read      450.3   355.8   148.8   206.2   221.1   335.9   431.8   510.3   590.9   713.2   873.8  1118.4  1467.5  2131.3 12899.6  50135.4    50000  1714857893470  1714857898770
70.5
100.0
read      460.1   361.0   148.8   207.4   222.4   330.9   410.3   492.0   583.9   741.1   951.4  1239.6  1625.3  2176.7  8106.6  55079.4    55000  1714857900274  1714857905580
71.1
read      471.3   370.2   160.7   210.2   226.7   349.9   446.1   528.6   610.4   733.1   905.4  1193.6  1668.6  2307.9  9649.8  59942.2    60000  1714857907084  1714857912395
70.3
read      464.4   343.8   148.8   210.5   227.4   351.9   448.6   524.2   594.9   708.3   876.2  1151.0  1623.9  2229.1  8454.3  65095.9    65000  1714857913900  1714857919210
77.2
94.0
read      482.5   398.2   148.8   220.7   237.3   345.8   430.8   503.3   582.8   735.4   988.1  1293.8  1823.0  2750.1 10099.6  70038.8    70000  1714857920714  1714857926025
70.7
read      889.1  1013.2   148.8   271.7   314.3   495.0   834.3  1451.2  1581.7  1686.4  1798.2  1972.5  3158.9  9816.4 31954.7  72437.8    75000  1714857927529  1714857932837
70.3
read      632.7   570.7   148.8   224.9   245.3   431.6   636.4   811.8   958.0  1086.2  1254.0  1693.0  2262.7  3788.8 19431.8  79418.0    80000  1714857934341  1714857939635
85.0
85.6
read      894.9  1274.2   160.7   285.4   335.5   467.5   667.2  1458.1  1570.9  1668.3  1776.4  1940.5  2931.2 16815.2 34583.7  74671.8    85000  1714857941139  1714857946453
70.7
read      833.8  1080.1   160.7   289.5   327.4   434.1   606.6  1400.9  1531.4  1625.4  1722.9  1872.7  2820.2 12778.8 34255.4  79338.6    90000  1714857947957  1714857953263
70.7
read      799.1  1073.1   148.8   300.1   324.9   408.0   551.3  1320.9  1475.7  1580.5  1688.4  1850.0  2748.7 12860.0 32028.8  82843.4    95000  1714857954767  1714857960073
93.0
77.4
read      860.5  1210.1   160.7   289.6   322.1   457.0   680.0  1375.6  1520.2  1622.8  1742.0  1916.7  2971.1 13367.6 39025.9  77793.2   100000  1714857961577  1714857966883
71.2
read      860.4  1185.8   148.8   291.0   336.8   452.7   646.4  1384.4  1532.6  1632.6  1731.4  1879.7  2904.6 16322.1 32176.9  77371.1   105000  1714857968386  1714857973700
70.7
100.0
read      820.8  1092.1   160.7   290.5   318.4   425.8   583.8  1403.7  1519.3  1611.9  1715.7  1865.7  2744.6 12877.2 32091.2  80870.9   110000  1714857975204  1714857980510
70.8
read      845.2  1264.3   148.8   289.1   317.5   434.1   580.6  1398.0  1525.4  1618.9  1733.5  1894.0  2872.5 16677.0 35390.4  78923.2   115000  1714857982015  1714857987320
71.2
read      888.2  1269.6   148.8   287.1   341.7   464.3   660.1  1455.1  1569.0  1663.3  1765.1  1920.5  2907.8 16952.7 36008.1  74935.8   120000  1714857988823  1714857994128
73.7
96.6
read      863.4  1123.6   160.7   294.3   324.7   452.7   695.9  1454.2  1560.0  1655.3  1763.6  1921.9  2790.6 12906.4 35514.6  76942.2   125000  1714857995633  1714858000935
Warning! Detected max cpu usage > 95%
CPU Usage Stats (avg/min/max): 87.59%,74.87%,100.00%