100.0
#type       avg     std     min      p5     p10     p50     p67     p75     p80     p85     p90     p95     p99    p999   p9999      QPS   target       ts_start         ts_end
141.0
read      349.7   418.5   173.5   227.3   249.9   322.9   344.6   357.8   366.6   376.1   393.5   424.9   606.9  7406.0 13847.1   4986.6     5000  1714857216496  1714857221951
141.5
read      354.7   337.3   160.7   216.3   230.1   344.5   380.4   397.1   408.6   422.6   436.7   465.1   549.1  4220.3 12913.0  10017.4    10000  1714857223457  1714857228828
154.0
186.8
read      353.5   293.3   148.8   208.6   222.1   346.3   397.1   420.1   434.8   451.7   469.0   498.8   569.3  2491.8 15676.5  14955.8    15000  1714857230332  1714857235677
141.60000000000002
read      359.8   225.6   160.7   205.1   219.2   347.0   415.2   444.9   463.2   482.7   503.3   534.9   605.2  1831.5  8576.3  19972.2    20000  1714857237180  1714857242509
141.3
read      351.9   208.7   148.8   200.6   214.2   330.4   401.9   436.0   456.7   478.4   503.0   539.5   618.2  1808.5  8976.4  24941.2    25000  1714857244014  1714857249365
174.39999999999998
166.60000000000002
read      357.2   284.4   148.8   195.5   209.2   325.6   405.8   445.6   469.8   495.6   525.9   569.9   676.6  1842.6 12444.5  29970.3    30000  1714857250869  1714857256209
140.9
read      350.3   213.6   148.8   195.0   208.0   316.4   392.1   436.9   464.8   494.0   527.5   575.2   684.3  1643.8  8626.0  35009.2    35000  1714857257713  1714857263008
140.9
read      358.3   197.2   148.8   196.7   210.2   325.8   402.0   446.1   475.7   507.0   543.0   591.9   724.7  1466.7  8010.4  40135.2    40000  1714857264511  1714857269812
191.2
150.0
read      356.0   199.7   148.8   196.6   210.2   326.1   395.5   435.8   465.4   498.3   537.0   591.0   726.1  1480.2  7884.0  44927.0    45000  1714857271315  1714857276618
141.5
read      352.2   175.7   148.8   200.0   212.8   320.5   388.3   429.6   461.2   497.2   538.7   591.8   691.2  1329.2  7351.2  49977.0    50000  1714857278122  1714857283425
141.3
199.8
read      357.5   180.9   148.8   202.4   215.2   327.1   397.8   437.6   467.5   503.0   544.4   599.0   698.0  1012.8  5519.6  54772.2    55000  1714857284930  1714857290241
141.3
read      363.7   208.3   148.8   205.7   219.6   326.3   399.5   443.5   476.5   516.4   562.0   620.5   731.4  1219.1  8634.8  59821.2    60000  1714857291745  1714857297061
141.60000000000002
read      355.5   185.9   148.8   203.5   216.4   321.4   387.6   428.4   460.6   499.8   546.1   605.6   723.1  1355.9  5740.4  65092.6    65000  1714857298565  1714857303875
153.8
188.0
read      345.1   190.4   148.8   202.5   214.8   313.7   374.0   410.9   439.7   477.2   524.7   583.8   682.0  1090.6  9068.8  70039.2    70000  1714857305380  1714857310716
141.60000000000002
read      359.0   187.5   148.8   206.1   220.5   328.8   394.7   431.7   459.6   493.4   536.4   595.2   724.4  1382.7  8199.1  75263.0    75000  1714857312220  1714857317526
140.9
read      344.1   180.4   148.8   199.0   212.2   312.4   373.9   411.5   440.2   475.1   519.8   582.7   713.6  1159.2  6731.5  79723.1    80000  1714857319030  1714857324338
171.2
170.3
read      343.3   164.0   148.8   200.6   213.7   312.8   372.7   409.2   436.4   470.4   514.7   580.5   711.5  1141.5  4116.5  84896.2    85000  1714857325841  1714857331172
141.5
read      339.5   165.1   148.8   201.6   214.8   312.5   368.3   400.7   426.3   457.4   498.1   559.2   685.9  1306.2  7167.7  89922.8    90000  1714857332676  1714857338000
140.6
read      344.4   170.5   148.8   203.6   217.2   313.8   371.8   407.5   434.9   468.3   510.7   578.8   729.3  1005.7  6108.4  94737.8    95000  1714857339505  1714857344823
189.6
152.2
read      347.5   139.6   148.8   206.9   221.9   325.1   380.6   412.0   435.5   464.5   501.6   558.7   685.5   936.7  4040.4  99927.8   100000  1714857346326  1714857351625
141.1
read      333.6   170.1   148.8   202.8   216.3   311.5   361.3   390.1   411.5   438.1   474.0   532.9   662.0  1310.0  5387.4 105186.3   105000  1714857353130  1714857358441
141.4
200.0
read      394.0   191.8   148.8   223.3   244.2   371.6   430.1   465.0   492.7   526.4   570.5   637.3   778.5   997.6  6987.4 109932.4   110000  1714857359945  1714857365286
141.60000000000002
read      414.7   218.6   148.8   225.7   248.2   380.7   446.6   490.8   526.9   573.5   632.8   715.7   851.9  1042.1  8131.2 114766.1   115000  1714857366789  1714857372090
141.0
read      402.6   199.8   148.8   221.6   241.9   369.4   436.4   483.1   519.1   561.2   611.8   679.5   800.6  1004.5  6812.6 119839.6   120000  1714857373594  1714857378921
152.60000000000002
188.2
read      420.1   235.9   148.8   210.5   228.4   359.9   447.9   520.1   581.7   645.8   714.3   799.1   940.1  1159.3  7988.0 121021.3   125000  1714857380426  1714857385725
Warning! Detected max cpu usage > 95%
CPU Usage Stats (avg/min/max): 87.68%,61.31%,100.00%