Random waveform, supplied seed
Total number of intervals = 90 (5017, 7410, 40999, 57153, 29097, 8425, 12792, 63322, 64265, 52306, 82955, 94929, 15659, 80543, 26814, 22395, 46463, 21821, 82766, 56052, 62209, 80602, 56916, 43005, 48876, 16339, 15943, 8813, 58961, 17102, 94055, 55405, 8459, 13710, 93343, 57194, 57317, 42758, 80420, 43266, 69783, 61875, 64015, 36083, 98572, 68821, 55124, 38086, 30872, 8559, 64793, 98848, 49539, 35672, 29995, 83822, 23041, 66381, 91623, 42334, 81670, 62385, 88101, 37088, 70816, 39340, 16526, 13251, 80868, 71144, 54047, 84354, 40425, 6691, 22498, 69817, 66044, 19434, 53911, 72900, 8780, 88927, 39672, 84278, 97124, 50554, 93654, 70028, 98819, 46532)
Average QPS expected = 51926
Timestamp start: 1714842904470
Timestamp end: 1714843805002

#type       avg     std     min      p5     p10     p50     p67     p75     p80     p85     p90     p95     p99    p999   p9999      QPS   target
read      410.4   780.3   160.7   229.2   257.4   347.3   379.4   397.9   411.9   429.3   454.1   501.6  1658.8 11697.8 31322.0   4990.0     5017
read      528.8  1417.2   160.7   219.0   236.1   373.5   429.5   458.9   479.7   505.1   540.9   616.5  4705.2 28353.5 36351.0   7384.8     7410
read      562.6   826.8   148.8   211.8   227.5   362.0   499.2   613.1   758.1   952.4  1122.2  1329.0  2572.9  9991.5 31368.0  40877.4    40999
read      498.9   628.4   148.8   207.5   223.7   350.8   441.5   512.7   575.8   673.6   942.8  1378.8  2031.8  6841.0 29751.4  57097.0    57153
read      485.9   637.0   148.8   204.5   219.1   372.4   503.4   577.8   643.5   746.7   868.7  1024.3  1404.6  7341.3 31077.2  29006.3    29097
read      426.2   655.3   160.7   216.8   234.1   377.3   433.6   463.5   485.0   508.8   542.4   596.6  1501.2  7718.4 30523.8   8472.8     8425
read      484.6   861.2   160.7   219.6   237.0   402.0   488.6   536.7   568.4   602.6   642.6   716.3  2140.9  9591.7 32259.5  12757.8    12792
read      461.7   489.2   148.8   206.1   221.6   342.9   426.2   490.7   546.2   622.9   788.7  1212.3  1846.9  4958.9 15511.2  63297.7    63322
read      456.4   404.0   148.8   206.7   222.6   344.4   427.7   491.2   545.0   620.5   782.8  1203.8  1828.2  3224.9  9954.2  64294.2    64265
read      449.8   404.3   148.8   206.2   221.6   344.4   434.4   505.9   562.8   631.5   757.2  1131.5  1642.5  3135.7 14249.4  52194.4    52306
read      653.4   687.9   148.8   219.4   241.3   435.4   529.1   608.9   748.4  1441.0  1641.3  1802.0  2653.7  6498.0 20682.9  83087.1    82955
read      412.6   246.8   148.8   217.0   234.9   374.6   447.2   491.8   525.7   568.1   627.7   736.9   949.7  1654.7  9102.0  94918.7    94929
read      404.2   406.6   160.7   220.3   235.7   377.5   444.7   477.7   500.5   528.2   564.0   624.5   787.4  3897.1 16902.1  15688.6    15659
read      586.6   539.8   148.8   220.1   240.8   412.6   498.1   567.1   640.9   856.7  1524.0  1731.2  2133.5  2970.8 13241.3  80424.9    80543
read      466.0   311.5   160.7   211.0   226.9   381.8   501.9   568.7   626.3   725.2   861.4  1018.1  1237.1  1861.1 10097.5  26819.1    26814
read      494.8   372.4   160.7   213.0   229.2   419.9   547.1   632.0   704.8   783.3   865.1   989.1  1174.8  3832.5 12636.9  22457.9    22395
read      511.2   455.1   148.8   208.1   224.4   353.1   467.5   570.1   678.7   900.0  1121.9  1356.7  1733.3  3499.1 14416.2  46465.9    46463
read      492.1   460.4   148.8   207.3   223.1   419.4   539.5   619.7   686.7   758.6   837.4   948.0  1176.4  4579.9 16162.7  21802.5    21821
read      598.9   709.9   148.8   222.8   245.4   429.8   525.5   588.0   650.6   786.3  1440.6  1746.5  2405.0  9147.9 22501.1  82760.9    82766
read      439.6   358.6   148.8   206.8   221.8   346.4   428.2   487.8   536.8   599.7   707.6  1113.0  1658.0  2323.9 10977.6  56049.8    56052
read      448.1   370.9   148.8   210.7   226.3   350.2   431.6   491.7   539.6   602.1   713.3  1111.7  1822.5  2580.3  9990.3  62225.0    62209
read      636.0   584.6   148.8   226.2   250.5   448.2   547.4   628.5   737.6  1108.1  1599.4  1801.4  2450.7  3382.5 14910.0  80667.3    80602
read      446.2   405.0   148.8   206.2   221.0   344.7   430.3   491.7   540.6   606.8   727.5  1140.6  1736.5  2661.7 12870.2  57003.1    56916
read      458.0   387.9   148.8   204.8   219.9   350.2   447.5   518.7   576.1   661.4   863.0  1164.5  1528.9  2664.3 13382.1  43097.5    43005
read      511.1   477.4   148.8   206.3   222.9   352.1   459.0   555.7   655.7   867.7  1121.6  1404.3  1825.8  3578.6 14850.9  48877.5    48876
read      480.7   639.5   148.8   206.7   224.5   410.2   509.0   571.0   613.9   662.7   722.0   806.5  1404.5  8090.8 30961.9  16320.9    16339
read      478.9   669.9   160.7   213.2   231.1   410.7   507.5   566.1   607.2   652.3   708.8   791.6  1129.4  8555.1 31409.2  15942.4    15943
read      442.8   820.5   160.7   211.5   229.0   376.4   443.6   480.9   504.4   532.3   566.5   622.6  1557.3  9507.2 35167.0   8869.3     8813
read      450.8   418.1   137.8   205.8   220.9   343.6   426.2   489.5   542.0   615.0   764.7  1175.2  1735.5  3216.8 12226.0  58792.3    58961
read      484.8   619.9   160.7   210.9   227.8   419.1   522.3   585.4   630.6   683.0   742.0   832.5  1138.7  7337.3 31914.6  17048.5    17102
read      718.5   608.9   160.7   263.7   303.0   483.5   592.3   768.1   979.4  1505.4  1665.8  1824.6  2560.8  3807.4 15683.7  94085.0    94055
read      430.4   346.1   148.8   208.6   224.2   341.5   423.6   484.7   535.4   597.7   689.9   998.0  1588.5  2657.0  9792.6  55455.8    55405
read      449.9   730.4   160.7   221.0   239.2   395.5   459.8   492.6   514.4   539.5   572.3   627.2  1381.4 10698.7 31166.2   8455.0     8459
read      476.1   627.7   160.7   219.1   237.3   420.4   515.6   566.2   600.2   636.6   684.2   747.0  1040.8  7784.0 31254.6  13701.3    13710
read      564.2   569.8   148.8   228.8   254.4   434.1   515.0   574.3   633.0   740.6   945.0  1632.2  2149.0  5590.1 15275.2  93255.7    93343
read      442.4   345.6   148.8   209.4   224.9   346.3   432.0   498.8   553.2   622.7   730.8  1082.3  1615.1  2340.9 10151.7  57266.2    57194
read      452.5   423.5   148.8   208.0   223.7   346.0   434.5   501.7   556.1   625.2   732.6  1117.8  1784.0  4205.1 14553.3  57463.2    57317
read      513.3   445.9   148.8   211.2   227.9   374.7   525.9   624.6   721.1   858.7  1018.0  1220.9  1581.1  4169.7 14978.6  42704.4    42758
read      608.3   572.0   148.8   224.0   246.5   428.0   522.2   591.9   673.7   924.9  1545.0  1778.2  2447.6  3897.3 15490.9  80346.2    80420
read      472.6   371.4   148.8   209.7   226.0   370.8   492.1   569.1   626.0   703.4   831.1  1084.1  1488.8  3578.4 10375.0  43256.0    43266
read      581.8   561.2   148.8   216.8   235.9   395.8   502.1   582.9   663.6   894.4  1458.6  1751.0  2343.8  3726.0 12572.1  69825.2    69783
read      445.0   361.3   148.8   206.8   222.5   340.7   426.7   495.2   552.0   625.7   749.9  1116.2  1701.4  2726.7  9504.6  61809.6    61875
read      446.3   388.0   148.8   207.8   223.4   340.5   422.9   488.4   543.2   616.2   743.7  1127.8  1731.2  4000.8  9711.4  64122.4    64015
read      449.6   430.2   148.8   204.9   219.8   352.0   472.7   545.4   593.4   655.4   775.7   990.7  1318.0  4707.8 13422.5  36057.5    36083
read      582.4   533.3   148.8   234.7   263.0   441.4   517.9   575.6   636.1   778.1  1295.8  1671.6  2020.7  3359.6 14465.2  98525.6    98572
read      459.5   395.7   148.8   208.1   224.4   347.4   428.9   493.0   548.0   622.6   761.9  1181.0  1974.4  3021.9  9785.5  68852.4    68821
read      481.4   515.7   148.8   209.8   225.8   351.2   454.9   539.4   609.3   719.2   962.0  1255.3  1716.3  3030.9 12470.1  55043.3    55124
read      501.3   435.8   148.8   206.6   222.5   377.1   525.2   621.0   717.8   840.0   982.4  1142.3  1444.0  4066.9 11599.1  38031.8    38086
read      518.6   626.2   148.8   209.4   225.5   406.1   544.1   632.4   718.9   815.8   937.3  1065.2  1384.4  7410.0 29108.0  30805.8    30872
read      427.2   664.8   160.7   219.3   235.8   384.0   446.3   478.3   499.7   524.6   553.7   600.4  1179.7  7078.5 32043.6   8595.9     8559
read      499.2   512.8   148.8   208.9   226.9   360.1   454.9   528.2   594.2   718.7   994.3  1365.3  1889.4  4961.6 14785.0  64783.3    64793
read      626.0   543.2   148.8   240.6   273.3   467.9   567.4   647.3   733.6   867.0  1468.1  1722.0  2129.7  3834.1 13534.3  98816.8    98848
read      435.7   433.2   148.8   204.5   219.3   340.3   428.9   495.2   546.2   608.8   710.9  1027.7  1517.8  4224.6 15351.7  49625.4    49539
read      496.5   453.2   148.8   204.3   219.7   375.7   524.3   623.5   724.1   837.9   960.4  1101.9  1379.2  4395.5 14975.8  35639.5    35672
read      496.1   491.9   148.8   202.7   219.1   394.9   527.5   616.5   705.3   805.9   923.8  1049.9  1300.6  4482.5 15069.6  29988.5    29995
read      501.5   480.6   148.8   207.3   225.4   376.9   461.4   514.6   559.6   628.1   773.3  1587.7  2489.9  3047.3 10826.5  83609.6    83822
read      461.9   402.2   148.8   206.7   223.7   399.5   502.5   564.9   618.0   689.4   771.1   887.3  1130.3  4016.9 16230.5  23197.5    23041
read      457.5   418.5   148.8   206.8   223.0   345.3   429.8   497.4   553.6   633.2   797.3  1163.5  1779.4  3702.7 13004.0  66317.5    66381
read      607.8   536.7   148.8   229.3   256.9   441.6   536.2   614.9   706.1   869.9  1512.7  1735.9  2019.4  2984.3 14861.1  91644.6    91623
read      456.9   359.6   148.8   206.1   220.9   347.7   460.6   538.1   594.8   676.5   853.3  1108.3  1475.1  2919.3 10678.3  42221.4    42334
read      504.5   464.9   148.8   209.7   226.8   377.4   455.3   504.6   548.0   619.2   830.5  1635.4  1968.8  2976.7 10112.1  81676.1    81670
read      378.2   223.1   148.8   207.5   222.3   334.0   408.0   454.5   490.1   531.9   579.9   645.3   931.5  1965.8  8059.7  62505.3    62385
read      356.6   164.4   148.8   204.8   219.5   327.2   390.4   427.6   455.8   489.5   533.0   597.2   739.3  1216.6  5159.8  88175.5    88101
read      362.6   205.1   148.8   197.5   211.4   328.1   409.3   454.1   483.9   515.7   550.9   603.0   719.0  1496.1  7984.5  37078.6    37088
read      360.5   179.5   148.8   203.0   216.4   327.3   396.5   437.1   468.3   505.2   549.4   615.6   744.5  1111.3  7685.5  70809.5    70816
read      369.9   231.1   148.8   201.5   215.1   330.7   413.3   463.7   498.3   533.6   571.0   618.7   721.0  1601.9  8577.6  39286.9    39340
read      369.5   263.2   160.7   218.9   232.6   356.8   417.8   444.5   460.8   478.3   498.5   528.2   590.6  3236.4 11259.7  16578.9    16526
read      366.4   284.3   148.8   214.7   228.9   362.2   411.2   432.9   447.6   462.7   481.7   507.1   582.3  2818.2 13280.8  13293.6    13251
read      354.8   166.1   148.8   204.8   218.5   322.3   387.3   426.8   457.3   493.7   539.0   602.0   729.6  1075.9  5777.3  80852.1    80868
read      358.5   182.7   148.8   203.1   216.0   324.3   393.3   435.1   467.5   506.5   552.7   614.9   731.0  1090.9  6276.7  71311.8    71144
read      365.5   183.9   148.8   202.1   215.3   331.2   404.6   450.1   484.3   524.0   567.8   622.3   723.6  1155.7  6976.8  54043.9    54047
read      355.8   159.4   137.8   204.4   218.0   324.6   389.8   428.6   458.3   493.8   538.5   602.8   734.6  1077.5  5392.4  84373.4    84354
read      366.2   193.0   148.8   201.5   214.9   330.1   409.5   458.5   492.9   528.4   565.4   612.0   703.0  1536.5  7631.3  40479.0    40425
read      348.2   368.3   160.7   225.4   243.7   331.2   356.7   369.6   379.2   391.7   404.2   431.9   546.2  6466.1 15620.1   6697.1     6691
read      364.5   201.5   148.8   207.9   222.7   339.4   421.1   456.5   477.9   499.3   524.3   555.9   636.8  1721.8  8291.7  22594.3    22498
read      357.2   175.7   148.8   204.1   217.0   323.8   392.2   433.0   464.0   500.6   543.3   602.5   730.8  1438.3  6373.0  69841.2    69817
read      358.5   198.9   148.8   204.2   217.4   323.8   392.9   434.6   466.2   503.0   545.2   603.4   729.2  1477.2  8541.5  66112.6    66044
read      363.4   250.1   160.7   207.4   221.2   345.8   417.0   447.1   464.7   484.2   505.1   539.8   656.8  1875.0 10164.8  19348.5    19434
read      365.2   189.0   148.8   203.3   216.1   327.3   399.5   443.8   476.2   512.2   553.2   615.7   850.7  1670.2  6986.1  53927.9    53911
read      360.2   188.2   148.8   204.5   217.9   327.6   394.9   434.7   465.1   500.5   542.8   606.1   746.3  1593.0  7096.9  72870.4    72900
read      344.4   297.5   160.7   212.7   227.7   334.8   365.8   381.4   392.2   403.0   421.2   447.3   548.1  3959.3 14013.8   8768.0     8780
read      353.5   168.8   148.8   206.4   220.4   324.6   386.3   423.1   451.0   484.2   526.3   587.8   727.4  1016.8  5911.9  88911.3    88927
read      360.8   218.0   148.8   202.5   215.0   327.5   403.0   447.7   478.5   510.5   544.5   589.8   689.2  1700.2  9059.6  39617.1    39672
read      355.2   192.1   148.8   205.4   219.2   326.1   389.3   426.2   454.1   487.2   528.8   589.8   731.1  1155.5  7511.1  84270.6    84278
read      358.8   194.5   148.8   208.3   223.2   331.2   390.4   425.4   452.3   484.9   527.5   591.9   743.5  1280.1  7014.0  97162.6    97124
read      363.5   222.9   148.8   200.2   213.2   332.5   404.1   447.0   477.5   511.6   549.3   605.4   730.1  1466.2  9820.7  50553.3    50554
read      356.0   200.6   137.8   204.3   218.4   327.5   388.9   425.3   452.7   485.0   527.1   590.8   738.7  1278.9  8088.3  93602.7    93654
read      357.9   220.9   148.8   198.8   211.8   323.7   392.9   433.7   465.2   501.6   545.0   610.0   759.2  1425.9  9636.6  70103.0    70028
read      357.3   211.7   148.8   205.8   220.5   329.2   389.4   425.6   453.0   485.6   527.8   590.9   738.2  1032.8  8117.3  98797.6    98819
read      362.0   215.8   148.8   198.2   211.8   329.4   403.1   447.6   479.1   514.0   551.2   602.3   711.1  1569.8  8704.8  46495.9    46532

Total QPS = 51925.9 (46733328 / 900.0s)

Total connections = 64
Misses = 0 (0.0%)
Skipped TXs = 0 (0.0%)

RX 11543131769 bytes :   12.2 MB/s
TX          0 bytes :    0.0 MB/s
Warning! Detected max cpu usage > 95%
CPU Usage Stats (avg/min/max): 99.96%,50.00%,100.00%