Random waveform, supplied seed
Total number of intervals = 180 (7434, 67201, 85927, 63953, 31595, 87879, 7287, 62295, 6561, 22532, 60653, 59076, 60154, 22964, 8172, 27652, 37594, 24367, 33771, 84944, 85666, 51918, 34406, 28664, 38289, 20658, 13840, 93419, 98284, 71313, 42089, 46458, 30755, 42889, 93552, 65694, 29574, 51355, 67361, 16287, 81508, 87619, 99068, 51267, 11822, 97494, 97350, 55460, 85984, 82043, 52873, 13911, 49984, 9274, 27187, 18735, 86505, 93039, 75999, 32324, 84255, 81759, 37291, 53818, 30297, 31569, 38927, 10652, 98119, 48176, 34929, 69735, 20753, 84642, 42333, 61587, 77998, 97625, 23781, 66723, 31016, 47394, 95335, 5252, 65908, 16889, 42912, 99898, 26385, 22616, 50605, 90283, 26273, 48521, 34058, 75648, 19482, 15054, 75754, 5187, 17656, 96343, 36665, 85269, 31525, 61798, 12253, 25710, 79937, 7271, 85861, 91467, 72217, 31080, 76878, 84584, 12492, 57106, 96245, 6791, 90728, 5151, 82969, 42635, 99337, 95192, 69200, 49459, 29055, 64324, 5705, 84816, 23714, 74116, 19948, 44213, 19454, 7190, 47657, 44399, 6481, 5807, 83137, 9580, 37385, 33706, 35204, 50438, 48878, 42682, 27416, 64424, 64364, 5481, 26227, 26586, 86286, 24452, 26832, 29795, 46224, 84587, 63389, 46953, 90536, 12508, 38491, 97806, 11813, 39665, 53571, 63215, 78767, 8615, 67903, 16398, 53434, 38068, 9130, 69227)
Average QPS expected = 49317
Timestamp start: 1714847584684
Timestamp end: 1714848485267

#type       avg     std     min      p5     p10     p50     p67     p75     p80     p85     p90     p95     p99    p999   p9999      QPS   target
read      452.5   866.7   160.7   222.8   242.2   377.9   430.8   462.1   485.0   510.4   543.3   593.9  1816.2 12533.4 32078.7   7479.4     7434
read      487.4   439.3   148.8   211.1   226.7   331.2   406.6   485.9   574.7   806.0  1081.7  1392.8  1949.6  2786.9 10026.2  66957.6    67201
read      865.2   790.1   160.7   281.5   328.9   512.9   835.9  1459.3  1572.4  1668.2  1770.9  1921.3  2827.9  7900.2 24258.6  85789.6    85927
read      495.7   666.4   148.8   212.2   232.3   383.8   472.7   534.4   582.9   649.7   764.0  1092.8  1959.3  8736.5 30639.8  63980.2    63953
read      544.3  1041.7   148.8   201.6   217.6   382.4   518.8   613.8   710.6   823.8   939.0  1096.5  1659.7 14777.5 37044.3  31522.4    31595
read      481.1   656.1   148.8   218.7   237.8   383.4   460.9   509.5   547.8   597.2   674.6   864.8  2073.3  8598.0 29565.8  87847.8    87879
read      582.0  1897.7   160.7   217.3   235.1   366.0   419.4   449.5   470.1   496.0   529.9   593.9  7938.8 31864.1 37659.8   7312.4     7287
read      512.4   836.1   160.7   206.7   222.3   350.2   438.4   505.5   564.1   659.0   934.4  1387.1  2139.4 10993.6 31934.0  62209.4    62295
read      588.1  2125.3   160.7   212.8   232.8   354.3   401.3   428.9   448.8   470.5   502.8   566.9  8555.3 35774.1 46088.6   6723.8     6561
read      597.3  1526.4   160.7   203.9   218.6   408.0   525.4   609.7   679.8   745.9   828.5   960.9  2286.1 26874.8 38684.9  22573.0    22532
read      443.5   567.2   148.8   204.8   219.9   341.3   419.8   472.8   517.3   572.4   660.5  1036.4  1797.7  7217.6 19261.0  60879.8    60653
read      407.1   442.6   148.8   200.2   214.3   336.0   410.5   459.1   498.2   543.3   599.8   726.0  1627.0  4383.0 16189.3  59074.0    59076
read      441.2   370.4   148.8   201.8   217.5   339.7   422.4   481.1   531.7   608.8   779.6  1137.6  1663.5  2501.3 10176.8  60007.6    60154
read      475.0   502.9   148.8   205.4   220.7   397.9   508.4   585.0   649.9   717.5   788.2   903.1  1163.0  6443.2 25518.3  22942.6    22964
read      424.0   690.3   160.7   212.1   230.8   360.3   418.4   450.0   470.6   495.5   526.3   578.5  1931.3  8819.5 31034.5   8183.4     8172
read      525.7   884.1   148.8   203.3   219.0   378.1   503.2   593.0   682.7   773.4   886.0  1003.1  2274.8 12661.4 32181.4  27699.6    27652
read      543.2  1032.2   148.8   205.7   220.7   360.9   496.0   600.6   724.0   875.4   985.0  1135.4  1720.1 13287.7 37096.0  37528.6    37594
read      565.3  1293.2   148.8   201.8   216.8   395.8   512.6   594.8   665.9   736.2   823.7   946.6  3300.2 15092.3 35059.4  24359.2    24367
read      539.2  1071.2   148.8   202.8   217.0   367.0   502.9   604.7   711.4   813.3   918.2  1065.6  1702.1 13888.4 35723.7  33620.4    33771
read      452.8   450.0   148.8   207.8   223.8   358.3   429.1   473.9   511.0   563.2   647.5  1313.2  1873.8  4372.3 11240.2  84984.4    84944
read      390.6   371.9   148.8   207.6   222.7   343.6   410.9   452.2   483.6   522.8   574.8   659.0  1026.3  4161.5 16859.2  85756.6    85666
read      523.4  1800.5   148.8   208.1   223.5   353.7   451.3   528.8   598.1   724.1   980.9  1288.5  1910.2 10677.4 35643.4  51950.4    51918
read      532.2   952.1   160.7   205.2   220.2   371.6   506.2   603.9   713.0   828.8   936.1  1078.1  1677.4 12910.0 35366.5  34289.2    34406
read      487.4   436.5   148.8   208.7   224.3   389.2   516.3   603.0   691.6   783.2   895.1  1018.3  1295.0  4171.1 15719.1  28572.4    28664
read      516.1   579.5   148.8   211.9   227.7   375.1   510.3   612.4   725.3   864.4  1002.6  1182.8  1597.2  5614.0 21550.7  38279.2    38289
read      491.4   404.6   160.7   218.8   235.3   419.1   532.5   614.2   683.2   748.9   832.1   932.0  1155.2  5777.9 10801.2  20663.4    20658
read      450.2   234.6   160.7   227.4   247.5   411.8   505.6   561.0   599.1   638.0   687.2   750.3   917.6  2090.2  7716.5  13814.0    13840
read      448.3   329.5   148.8   216.4   234.6   378.1   451.4   499.1   538.3   591.3   678.9   847.7  1789.3  2861.2  7869.7  93409.2    93419
read      375.5   165.5   148.8   214.3   230.8   351.0   410.5   445.7   470.9   503.9   546.1   615.3   771.7  1523.3  4220.9  98333.2    98284
read      479.3   401.1   148.8   213.1   229.5   367.7   456.8   521.0   577.0   665.8   858.2  1182.4  1971.0  2983.7 11182.9  71257.0    71313
read      494.1   370.7   148.8   211.7   227.6   363.1   486.8   580.4   678.9   863.3  1019.2  1198.6  1519.1  1993.8 10770.0  42218.2    42089
read      501.4   383.9   160.7   210.3   227.6   365.3   490.3   593.5   700.3   859.4  1019.7  1231.7  1586.8  2272.5 10122.3  46327.2    46458
read      501.7   386.8   148.8   208.6   224.9   384.1   533.4   644.2   756.1   870.5   960.3  1082.4  1316.7  3954.5 10352.8  30783.6    30755
read      504.4   432.0   148.8   211.3   226.7   353.8   483.6   588.9   721.3   899.1  1052.5  1247.6  1583.2  4109.5 11639.3  42888.4    42889
read      460.8   372.0   148.8   218.8   236.5   380.2   454.9   503.7   541.9   589.4   662.9   921.8  1837.5  2973.6  9640.7  93798.0    93552
read      465.0   425.3   148.8   212.2   227.9   355.0   440.6   505.2   560.7   639.9   799.8  1160.5  1826.6  3949.9 12337.7  65625.6    65694
read      503.2   438.6   160.7   211.2   226.3   383.9   524.6   622.7   727.8   848.7   947.2  1073.2  1352.5  5257.5 13982.1  29704.4    29574
read      493.8   396.3   148.8   210.4   225.8   350.5   459.8   556.9   660.4   859.0  1036.9  1260.8  1697.3  2403.3 10618.8  51297.2    51355
read      481.6   418.2   148.8   213.6   230.1   358.3   447.7   516.8   577.3   669.9   892.0  1264.7  1959.2  3324.5 10209.1  67271.2    67361
read      486.6   671.7   160.7   221.0   237.2   404.8   497.9   554.0   599.8   653.7   716.6   804.9  1961.5  7202.6 31865.3  16188.2    16287
read      419.5   324.1   148.8   209.4   225.2   358.3   431.0   474.3   508.6   550.7   611.2   730.0  1731.0  2918.2  8093.5  81296.0    81508
read      384.7   276.9   148.8   207.4   222.7   344.5   413.4   455.3   486.2   523.5   573.0   651.2   884.2  3318.1  9568.5  87480.0    87619
read      414.5   267.5   148.8   219.0   237.9   374.6   445.9   490.4   524.3   567.0   626.9   726.9   950.0  2439.7  9453.6  99249.6    99068
read      486.3   403.2   160.7   210.0   225.5   349.5   449.8   534.8   614.6   766.6  1013.6  1306.3  1709.8  2996.5 11500.1  51254.2    51267
read      472.2   745.7   160.7   217.6   235.1   392.7   478.9   525.5   556.1   590.6   633.6   704.0  2179.5  9118.2 35893.8  11814.6    11822
read      456.9   392.4   148.8   221.2   242.1   390.6   467.8   516.7   555.0   605.9   676.4   817.7  1773.9  2940.4 11989.8  97421.4    97494
read      393.7   198.8   148.8   214.1   231.8   361.8   428.9   468.5   499.6   536.7   585.9   668.8   870.0  1714.0  6551.7  97442.4    97350
read      479.2   468.8   148.8   209.5   225.8   349.1   444.7   520.6   583.5   687.9   941.6  1251.9  1739.6  5423.1 14377.9  55694.6    55460
read      377.6   242.6   148.8   206.5   221.7   339.4   406.1   447.5   477.9   515.3   564.6   640.3   845.4  2689.7  8249.8  85922.4    85984
read      383.0   254.8   148.8   206.6   221.6   343.0   414.7   457.8   490.2   529.0   578.2   654.6   849.3  2785.1  8888.5  82044.6    82043
read      489.1   405.7   160.7   209.0   224.6   341.8   440.0   533.5   624.5   820.9  1060.2  1335.7  1730.8  2469.7  9773.5  52838.8    52873
read      467.4   686.2   160.7   209.3   226.7   401.0   493.2   546.7   583.7   623.8   672.4   738.8  1061.7  8590.1 29587.6  13891.4    13911
read      502.8   443.9   148.8   208.9   225.3   353.2   464.8   559.9   658.6   845.3  1058.7  1325.9  1745.1  3663.4 11436.6  49897.6    49984
read      526.1  1394.8   160.7   216.8   234.5   379.3   452.5   491.1   517.3   546.0   585.0   663.0  4004.7 21496.0 37514.5   9302.0     9274
read      536.8   898.3   160.7   203.9   218.3   387.8   525.9   626.6   721.9   810.7   908.3  1042.4  2001.0 10630.6 32182.4  27095.0    27187
read      511.3   889.7   148.8   204.9   220.7   407.4   513.7   585.3   637.7   697.5   762.0   872.9  1978.1  8846.5 32341.1  18712.2    18735
read      467.9   441.8   148.8   215.2   233.0   379.1   455.9   503.9   542.4   592.2   680.2  1059.3  1862.4  4491.0 12476.2  86270.8    86505
read      383.3   314.1   148.8   211.1   227.1   344.4   407.9   447.4   476.5   512.3   561.4   637.4   842.5  3924.5  9135.5  93164.4    93039
read      550.2   548.6   160.7   214.5   233.2   386.5   472.1   534.7   592.4   712.5  1331.0  1698.4  2368.9  4531.1 11960.3  75968.4    75999
read      517.9   727.9   160.7   204.8   218.8   361.2   502.5   610.4   729.0   849.1   964.8  1118.8  1664.6  8252.6 31233.4  32216.6    32324
read      437.6   402.9   148.8   211.7   228.1   364.0   435.2   481.3   517.2   562.8   627.1   773.7  1814.0  4584.8  9989.0  84341.2    84255
read      384.4   249.6   148.8   206.2   221.1   344.6   415.0   457.9   490.1   528.8   579.2   659.0   891.8  3081.7  6447.2  81809.8    81759
read      512.2   656.2   148.8   204.4   219.1   360.1   496.6   598.1   724.7   867.6   985.9  1142.4  1547.3  8244.2 30417.3  37231.8    37291
read      496.0   456.9   148.8   205.5   222.1   348.5   461.1   562.2   666.2   847.4  1023.8  1258.2  1712.6  4030.6 12405.5  53734.6    53818
read      495.7   559.7   148.8   202.7   217.0   374.1   517.3   623.0   723.3   825.0   926.2  1051.9  1338.5  5738.8 28730.8  30410.4    30297
read      531.0   824.8   148.8   202.7   216.6   367.8   516.8   633.9   751.3   858.7   960.7  1100.1  1760.4 10491.2 32307.5  31418.4    31569
read      501.9   459.7   160.7   206.9   221.9   353.3   491.7   599.9   748.1   901.5  1031.6  1184.8  1505.9  4228.5 12736.0  39006.4    38927
read      460.9   839.4   160.7   215.6   232.8   382.4   459.9   501.6   529.0   558.9   594.7   657.1  1980.1  9562.8 32088.0  10708.0    10652
read      477.8   402.8   148.8   222.2   244.2   397.3   476.8   530.1   571.8   624.9   702.6   918.1  1843.2  3434.9 11301.9  97870.8    98119
read      494.6   459.9   148.8   207.1   222.5   348.1   459.8   550.0   642.3   832.3  1030.1  1272.4  1692.0  4388.1 14405.8  48084.2    48176
read      493.4   446.4   148.8   204.2   218.2   359.5   507.2   624.7   743.4   853.3   964.5  1106.9  1392.9  4877.1 15805.0  34772.0    34929
read      465.2   450.0   148.8   205.8   221.8   354.5   442.7   501.7   549.5   622.3   764.2  1137.0  2055.7  4165.9 11558.1  69621.0    69735
read      492.3   658.2   148.8   202.8   217.5   409.3   521.3   596.2   654.7   715.3   781.0   879.0  1320.0  6862.3 30686.3  20680.4    20753
read      468.9   414.2   148.8   208.7   226.1   372.6   452.5   501.7   541.3   593.8   689.3  1339.6  1900.6  3711.9  9785.1  84480.8    84642
read      499.0   580.6   148.8   202.9   217.5   343.7   467.9   570.8   686.6   858.9  1027.1  1222.0  1593.3  7786.1 16225.7  42147.8    42333
read      453.6   414.7   148.8   204.2   219.6   340.6   423.9   484.9   536.1   613.8   787.4  1228.7  1813.7  3597.9 10302.6  61637.2    61587
read      482.4   437.8   148.8   209.7   226.7   373.9   454.9   507.0   548.7   607.5   720.8  1511.1  1886.5  3611.7 10744.1  78024.6    77998
read      456.7   407.6   148.8   218.6   238.7   388.7   463.5   509.4   546.1   594.0   672.8   853.1  1736.2  3975.0 12870.7  97654.2    97625
read      497.8   696.1   148.8   204.1   218.8   397.9   512.2   586.2   654.0   729.7   813.0   935.0  1558.7  8019.0 31821.5  23833.8    23781
read      484.7   492.2   148.8   210.3   227.0   356.5   447.1   511.9   567.8   651.3   860.0  1328.8  2016.1  4576.7 13674.4  66658.4    66723
read      499.7   508.7   148.8   206.4   221.9   384.1   523.1   618.3   711.2   812.2   918.7  1059.4  1378.1  6277.4 16521.8  30840.4    31016
read      502.3   466.3   148.8   210.4   225.9   354.4   471.1   569.2   677.8   862.3  1045.9  1278.1  1667.3  4166.4 13724.1  47306.6    47394
read      451.5   412.8   148.8   213.3   231.4   376.0   449.7   496.7   535.1   585.1   663.9   846.9  1803.8  4059.2 12590.5  95120.0    95335
read      500.7  1530.8   160.7   219.3   245.6   344.9   384.2   407.0   424.4   444.5   471.5   540.6  4268.2 30519.7 37281.7   5261.0     5252
read      472.5   501.5   148.8   209.1   224.9   348.8   436.6   502.0   556.7   639.0   843.7  1218.8  1894.5  5343.0 17959.3  65795.0    65908
read      508.3   924.6   160.7   219.6   237.7   411.4   510.2   572.7   618.0   668.9   727.1   826.1  1512.0 16161.7 35558.1  16926.0    16889
read      514.7   622.5   160.7   208.1   223.6   358.1   492.3   593.7   711.8   870.0  1008.7  1190.8  1665.6  7128.4 29712.3  42888.2    42912
read      460.6   442.1   160.7   221.0   241.0   386.3   461.2   508.2   546.5   596.1   675.5   880.0  1795.5  3652.1 13829.7  99929.8    99898
read      492.1   621.7   148.8   206.9   221.5   394.9   516.3   589.7   660.6   745.4   841.3   960.4  1329.6  6630.8 30949.9  26455.2    26385
read      521.4   841.5   148.8   203.9   219.6   404.7   515.8   591.6   657.6   726.2   803.9   924.4  2695.2 10020.0 32384.7  22579.2    22616
read      505.0   565.1   148.8   206.5   222.6   347.0   459.6   555.4   661.4   844.8  1034.0  1273.4  1725.2  6928.2 24530.5  50736.0    50605
read      412.7   391.6   148.8   212.5   228.5   350.6   416.1   457.8   491.0   534.0   593.1   707.6  1667.9  4403.7 11056.3  90370.8    90283
read      493.6   673.2   160.7   208.6   223.2   391.9   512.9   585.9   653.3   734.5   827.5   945.9  1369.1  7242.3 31019.4  26234.4    26273
read      497.4   457.6   148.8   208.9   224.3   351.6   471.1   569.3   671.8   842.1  1017.7  1239.5  1650.8  4950.6 10235.2  48422.8    48521
read      512.8   670.1   160.7   209.1   223.9   379.2   518.2   616.0   714.4   826.0   935.2  1080.6  1471.1  7417.2 30840.1  34194.2    34058
read      542.6   611.3   148.8   213.6   231.4   379.2   468.1   539.8   607.5   728.4  1121.6  1622.0  2495.7  5595.1 17051.6  75598.8    75648
read      506.8   835.4   160.7   208.1   224.5   410.9   514.3   579.2   629.3   687.0   747.3   852.2  1865.2 10562.5 31690.7  19373.6    19482
read      686.1  6054.4   160.7   210.1   228.2   406.4   499.8   554.6   592.6   635.4   691.9   796.1  3340.4 36184.6 220693.1  15145.4    15054
read      504.2   546.7   148.8   213.2   230.6   385.0   466.0   519.9   563.5   624.3   740.6  1548.3  2137.0  5258.0 12775.9  75754.6    75754
read      486.0  1480.7   160.7   226.1   251.2   353.2   392.3   414.9   431.0   451.8   477.8   530.5  3701.0 31166.5 37506.2   5203.4     5187
read      506.9   871.3   160.7   209.6   227.2   421.5   519.8   581.3   625.5   677.2   732.6   818.1  1639.2  8040.9 32068.3  17569.4    17656
read      462.6   482.8   148.8   216.3   235.8   386.0   460.3   507.5   548.6   607.6   693.1   848.8  1825.5  6125.9 15636.9  96407.6    96343
read      487.3   455.1   148.8   204.4   219.4   365.5   504.8   588.9   679.2   813.1   948.6  1122.3  1428.9  4130.2 19901.1  36700.0    36665
read      476.2   441.7   148.8   212.9   230.7   379.2   457.2   506.6   548.3   607.6   709.9  1320.6  1938.2  4444.7 10069.7  85241.0    85269
read      492.7   419.0   160.7   206.7   221.5   381.3   525.1   613.7   706.7   815.8   923.8  1067.1  1354.0  5116.5 11017.6  31526.0    31525
read      466.8   430.0   148.8   208.4   224.5   349.9   437.0   505.2   560.5   638.9   823.5  1211.9  1849.6  4785.2 10089.2  61725.4    61798
read      494.5  1040.5   160.7   214.3   232.3   397.8   482.7   528.4   558.2   590.8   632.0   698.5  3238.6 11114.2 35456.6  12353.8    12253
read      525.7   970.7   160.7   205.8   221.2   405.3   531.8   619.7   698.0   777.9   875.2   997.9  1817.2  8759.1 31504.8  25772.4    25710
read      555.7   562.8   148.8   220.0   239.9   401.7   487.1   548.7   607.6   712.6  1308.0  1677.9  2149.9  5312.5 15289.8  80030.6    79937
read      497.0  1274.0   160.7   216.2   234.2   368.3   422.1   451.7   471.0   495.1   525.4   581.9  4292.3 28005.2 32329.2   7237.4     7271
read      469.0   456.7   148.8   211.6   228.4   372.9   449.0   499.1   539.8   592.1   681.0  1314.8  1948.6  4315.9 12557.0  85751.6    85861
read      397.2   317.6   148.8   212.5   229.1   357.9   426.5   466.7   497.7   535.0   584.3   666.9   912.5  3554.4  8625.6  91754.4    91467
read      510.7   466.7   148.8   209.5   226.9   375.0   472.2   539.3   594.7   684.8   917.6  1490.3  2300.3  3380.1 11726.8  72098.2    72217
read      525.0   808.0   148.8   202.0   216.6   383.9   520.2   606.7   697.9   808.4   924.6  1080.8  1841.8 10819.4 32429.4  31023.6    31080
read      621.4   610.6   148.8   218.3   240.4   422.2   518.9   599.7   692.5  1091.5  1576.2  1802.0  2591.8  5004.5 14517.1  76910.0    76878
read      460.8   423.5   148.8   209.9   227.4   376.3   454.9   504.2   544.4   597.4   690.8   965.3  1883.0  3220.2 12692.0  84711.4    84584
read      486.8  1054.3   160.7   211.5   228.9   390.8   470.3   517.0   547.8   583.8   627.4   695.1  2348.1 13190.0 37181.7  12444.8    12492
read      483.0   500.4   148.8   207.3   223.4   355.8   448.4   517.5   574.9   661.7   885.4  1251.8  1971.3  5589.0 12166.8  56961.0    57106
read      437.9   371.0   148.8   217.3   236.0   377.1   447.9   493.0   529.4   577.4   646.2   782.9  1684.5  3365.3 12638.7  96273.0    96245
read      508.6  1384.2   160.7   218.2   238.8   366.5   417.4   446.2   467.6   493.0   525.3   590.1  4308.9 30274.1 39559.6   6790.6     6791
read      456.5   475.3   148.8   213.6   231.6   376.4   452.3   499.2   537.1   587.6   671.1   873.0  1884.0  4426.7 15393.4  90365.0    90728
read      479.0  1415.6   173.5   218.7   244.1   334.7   371.5   394.0   409.7   429.0   457.4   512.5  4057.7 29441.3 36473.9   5204.0     5151
read      549.1   551.7   148.8   214.2   234.2   405.2   494.4   555.6   611.5   706.8  1084.3  1659.6  2153.4  4519.8 15463.7  82691.6    82969
read      516.1   590.4   148.8   204.0   220.5   362.0   495.7   592.8   705.1   877.0  1047.4  1259.4  1665.6  6988.5 30754.6  42726.6    42635
read      451.4   459.0   148.8   218.9   240.1   389.2   463.4   510.4   548.6   599.0   673.9   799.1  1648.1  5028.1 13817.1  99277.0    99337
read      383.9   334.5   148.8   205.2   222.3   346.1   409.2   447.8   476.4   512.3   560.7   639.4   859.1  3961.4 10013.2  95263.0    95192
read      496.9   461.4   148.8   208.9   225.8   363.6   455.2   523.1   582.8   683.0   952.3  1403.4  2106.9  3505.0 12418.5  69197.6    69200
read      410.9   352.8   148.8   202.4   216.7   339.8   420.0   474.4   516.3   562.8   625.2   887.0  1417.0  2524.6  9847.0  49207.6    49459
read      361.5   215.2   148.8   197.2   211.5   327.5   414.0   460.0   486.9   512.8   540.0   577.6   657.8  1891.6  9928.3  29130.8    29055
read      356.4   179.5   148.8   197.4   210.9   325.5   396.1   435.9   467.0   503.3   545.5   598.2   714.3  1441.3  7361.8  64251.4    64324
read      346.3   492.7   173.5   222.0   243.4   318.9   340.4   352.2   361.6   370.9   386.6   411.4   658.6  6211.8 24047.7   5704.2     5705
read      358.4   164.6   148.8   203.5   217.6   331.7   395.6   431.5   458.9   491.8   534.1   594.5   737.8  1197.0  6098.4  84609.8    84816
read      361.6   205.6   148.8   200.0   214.1   338.7   420.1   456.1   477.6   499.1   524.6   557.8   634.0  1911.5  8544.7  23771.2    23714
read      355.2   166.2   148.8   195.2   209.5   329.4   395.1   431.5   459.0   491.7   533.1   594.0   743.5  1364.2  5910.7  73944.0    74116
read      358.5   271.8   148.8   201.3   214.8   343.6   412.6   442.2   460.1   479.2   500.6   532.5   607.8  2008.0 12601.3  19945.0    19948
read      356.6   163.5   148.8   194.2   208.4   333.2   402.0   441.0   469.0   499.9   535.4   585.5   713.5  1137.3  4730.5  44318.2    44213
read      355.9   288.8   148.8   203.2   216.8   341.9   406.2   435.1   453.1   471.0   493.4   523.3   591.4  2449.7 15115.9  19577.6    19454
read      341.3   364.7   160.7   214.8   232.2   324.5   350.3   364.7   373.7   387.1   401.0   428.7   568.2  5117.2 14834.9   7237.4     7190
read      357.6   201.7   148.8   195.2   209.4   332.6   399.6   437.4   466.1   498.5   536.9   589.2   705.6  1308.5  9409.3  47676.8    47657
read      359.6   237.7   148.8   195.1   209.0   329.0   401.1   444.8   476.1   509.9   547.8   595.2   695.5  1520.5  8527.7  44452.4    44399
read      344.8   280.5   160.7   219.5   238.5   332.5   357.8   370.3   380.1   392.3   404.6   432.8   564.6  3986.6 11761.7   6445.6     6481
read      351.9   495.7   160.7   220.4   240.9   326.3   349.6   362.8   371.0   383.2   398.7   428.7   683.2  5947.2 27969.2   5847.8     5807
read      356.5   184.0   148.8   199.7   214.0   330.0   394.8   431.0   458.3   491.3   533.8   594.5   732.9  1066.8  6939.2  82900.2    83137
read      364.1   396.8   160.7   214.2   229.1   351.3   385.5   401.2   413.4   426.8   443.4   469.7   621.7  5100.2 16148.5   9615.2     9580
read      359.8   241.2   148.8   195.2   209.1   325.1   403.8   451.4   483.2   515.6   549.5   592.0   687.8  1568.0  9738.2  37422.6    37385
read      356.4   210.8   148.8   195.2   209.1   323.0   404.9   450.2   478.8   507.5   539.4   581.1   669.9  1725.7  5784.0  33792.2    33706
read      362.6   215.2   148.8   198.2   212.4   326.6   408.3   458.3   489.9   520.8   551.7   590.6   675.9  1665.6 10633.4  35217.2    35204
read      360.7   179.5   148.8   197.6   212.1   333.1   402.2   442.8   473.0   507.8   547.6   598.3   709.3  1349.3  7227.0  50431.2    50438
read      356.7   189.3   148.8   195.9   209.6   324.5   396.9   441.6   475.1   512.0   550.8   595.7   689.6  1145.7  6665.1  48897.4    48878
read      359.6   198.3   148.8   194.1   207.7   322.9   400.7   449.6   485.2   522.8   561.0   606.9   695.4  1617.1  7581.6  42797.6    42682
read      361.0   231.9   148.8   195.8   209.5   325.1   418.2   461.8   487.3   512.2   538.9   576.0   652.7  2017.7  8678.8  27370.0    27416
read      357.7   169.5   148.8   199.1   212.9   328.4   398.1   437.0   467.0   502.7   544.9   603.2   725.2  1142.8  5948.4  64615.6    64424
read      357.2   184.3   148.8   200.9   214.1   326.3   395.5   435.1   466.1   502.7   544.4   598.2   713.3  1240.2  6936.7  64320.0    64364
read      353.7   571.5   160.7   221.2   243.5   321.2   343.8   357.3   366.5   376.6   393.7   423.6   695.1  7698.4 28073.0   5492.4     5481
read      363.6   257.4   148.8   198.8   212.3   335.1   419.9   459.9   483.6   506.5   533.3   570.0   658.8  1957.9 10500.5  26189.4    26227
read      366.1   273.6   148.8   198.3   211.9   334.4   423.6   464.3   489.1   514.1   541.1   580.0   671.1  1945.5 13165.4  26618.6    26586
read      361.7   185.7   148.8   206.5   221.4   333.3   397.8   435.0   462.8   495.5   536.5   595.8   738.7  1346.0  7673.0  86185.6    86286
read      362.9   224.1   148.8   202.7   215.8   333.0   423.1   460.6   483.2   505.4   531.1   565.1   637.6  1908.6 12044.3  24397.8    24452
read      360.2   206.0   148.8   197.1   210.4   324.8   419.0   462.1   487.8   513.2   540.5   577.1   645.3  1880.6  8504.7  26877.2    26832
read      365.1   225.1   148.8   195.8   210.8   339.2   415.0   456.5   483.7   511.5   542.2   586.2   705.6  1545.1 12112.3  29836.2    29795
read      363.2   206.2   148.8   195.9   210.4   334.6   404.4   447.2   478.7   513.9   551.7   604.0   730.5  1441.9  7333.3  46181.4    46224
read      364.0   163.2   148.8   204.2   219.6   336.6   400.6   438.2   466.6   501.1   544.1   609.7   768.6  1167.0  4518.2  84562.8    84587
read      358.4   173.7   148.8   198.5   212.6   329.1   397.3   436.4   467.3   505.0   547.5   602.7   717.5  1313.2  6637.6  63317.2    63389
read      360.9   186.2   148.8   196.0   210.4   330.5   401.2   444.2   476.7   513.9   554.0   604.9   721.5  1301.1  7492.6  46938.2    46953
read      359.3   146.6   148.8   205.2   220.8   334.1   395.3   430.5   457.6   490.0   531.2   590.7   730.4  1294.7  3967.6  90487.4    90536
read      370.9   288.2   148.8   210.2   226.1   363.8   408.5   430.0   445.2   462.0   483.7   516.1   621.7  3862.6 12626.4  12420.0    12508
read      363.6   188.9   148.8   198.5   212.7   331.8   406.6   454.9   486.9   519.5   552.5   595.4   702.4  1464.6  7991.2  38454.8    38491
read      362.4   147.2   148.8   209.9   226.6   340.0   397.4   431.1   456.7   487.2   526.7   587.1   723.7  1015.8  3998.1  97849.4    97806
read      366.8   312.8   160.7   211.7   227.3   358.9   401.1   421.8   434.9   452.3   470.4   504.9   632.9  3861.9 15088.0  11885.6    11813
read      363.2   201.0   148.8   199.2   213.4   330.2   405.9   453.8   486.4   519.8   553.0   596.4   699.8  1380.2  7930.3  39542.2    39665
read      363.6   180.7   148.8   202.2   216.3   333.3   402.4   444.7   477.6   516.2   557.2   609.3   721.0  1277.9  5992.7  53744.4    53571
read      362.9   176.8   148.8   203.2   217.8   333.1   400.7   440.8   471.1   507.6   549.9   608.1   730.9  1283.2  6873.1  63247.0    63215
read      361.6   179.7   148.8   203.0   217.8   333.4   398.7   436.5   466.1   500.9   543.1   605.2   743.6  1302.3  4204.6  78733.2    78767
read      353.3   293.5   160.7   212.5   229.8   345.8   377.1   393.9   404.5   421.0   438.3   470.0   592.4  2986.5 19242.2   8605.6     8615
read      357.6   171.1   148.8   200.9   214.5   329.1   396.4   435.6   466.0   501.2   541.6   597.0   724.4  1062.9  7141.8  67892.8    67903
read      357.3   234.0   160.7   203.6   216.6   353.3   411.8   437.8   453.9   470.0   491.4   518.5   585.7  1932.2  8119.5  16391.6    16398
read      362.0   190.7   148.8   200.1   213.4   329.4   401.6   444.7   477.1   513.6   552.8   607.0   745.0  1488.4  6741.5  53322.6    53434
read      361.4   190.6   148.8   197.8   211.1   325.6   408.9   456.4   488.1   520.5   553.8   597.1   711.9  1479.9  6798.1  38088.8    38068
read      350.8   385.1   160.7   212.0   226.4   339.6   371.1   387.3   397.7   410.4   427.4   454.8   547.3  4218.7 19335.1   9058.0     9130
read      357.2   181.9   148.8   204.7   219.0   326.8   394.2   432.5   462.2   497.1   538.3   591.8   706.4  1210.0  7488.3  69031.6    69227

Total QPS = 49301.1 (44370988 / 900.0s)

Total connections = 64
Misses = 0 (0.0%)
Skipped TXs = 0 (0.0%)

RX 10959634283 bytes :   11.6 MB/s
TX          0 bytes :    0.0 MB/s
Warning! Detected max cpu usage > 95%
CPU Usage Stats (avg/min/max): 99.98%,50.00%,100.00%