Random waveform, supplied seed
Total number of intervals = 180 (7434, 67201, 85927, 63953, 31595, 87879, 7287, 62295, 6561, 22532, 60653, 59076, 60154, 22964, 8172, 27652, 37594, 24367, 33771, 84944, 85666, 51918, 34406, 28664, 38289, 20658, 13840, 93419, 98284, 71313, 42089, 46458, 30755, 42889, 93552, 65694, 29574, 51355, 67361, 16287, 81508, 87619, 99068, 51267, 11822, 97494, 97350, 55460, 85984, 82043, 52873, 13911, 49984, 9274, 27187, 18735, 86505, 93039, 75999, 32324, 84255, 81759, 37291, 53818, 30297, 31569, 38927, 10652, 98119, 48176, 34929, 69735, 20753, 84642, 42333, 61587, 77998, 97625, 23781, 66723, 31016, 47394, 95335, 5252, 65908, 16889, 42912, 99898, 26385, 22616, 50605, 90283, 26273, 48521, 34058, 75648, 19482, 15054, 75754, 5187, 17656, 96343, 36665, 85269, 31525, 61798, 12253, 25710, 79937, 7271, 85861, 91467, 72217, 31080, 76878, 84584, 12492, 57106, 96245, 6791, 90728, 5151, 82969, 42635, 99337, 95192, 69200, 49459, 29055, 64324, 5705, 84816, 23714, 74116, 19948, 44213, 19454, 7190, 47657, 44399, 6481, 5807, 83137, 9580, 37385, 33706, 35204, 50438, 48878, 42682, 27416, 64424, 64364, 5481, 26227, 26586, 86286, 24452, 26832, 29795, 46224, 84587, 63389, 46953, 90536, 12508, 38491, 97806, 11813, 39665, 53571, 63215, 78767, 8615, 67903, 16398, 53434, 38068, 9130, 69227)
Average QPS expected = 49317
Timestamp start: 1715196271918
Timestamp end: 1715197172699

#type       avg     std     min      p5     p10     p50     p67     p75     p80     p85     p90     p95     p99    p999   p9999      QPS   target
read      346.0   296.8   160.7   213.1   230.6   330.0   359.7   373.8   385.8   398.2   416.4   448.9   641.3  4026.1 12099.9   7411.2     7434
read      456.5   357.6   148.8   211.7   230.6   372.2   457.0   510.1   551.3   609.5   700.8   941.1  2014.0  3678.8  8930.5  67202.4    67201
read      433.0   270.5   148.8   214.4   234.1   380.4   458.5   505.6   542.8   590.2   661.5   790.8  1460.0  2489.3  8088.7  85682.8    85927
read      438.1   301.2   148.8   209.9   228.6   369.2   451.3   504.3   547.1   605.2   693.2   899.0  1510.5  2319.5  9952.0  63963.6    63953
read      431.5   287.8   148.8   202.7   218.8   363.6   465.3   524.8   566.1   619.0   706.2   905.5  1265.3  1844.4  8842.1  31557.8    31595
read      499.7   457.9   148.8   230.3   256.7   413.6   499.4   554.3   600.7   663.7   754.9   976.5  1882.5  5514.1 12936.2  87605.8    87879
read      384.8   396.5   160.7   212.5   231.6   356.7   396.7   420.1   436.2   459.7   489.6   538.9   893.3  7298.2 12117.4   7338.0     7287
read      437.4   324.9   148.8   206.1   223.9   366.2   448.1   500.2   540.2   590.9   672.0   862.2  1744.3  3184.4 10256.1  61955.0    62295
read      349.1   322.3   148.8   218.1   238.7   332.8   360.8   374.2   386.2   398.4   417.8   454.9   617.2  4004.0 12627.1   6603.6     6561
read      373.0   258.8   148.8   202.0   217.2   350.0   430.6   465.0   486.5   508.1   535.5   575.0   681.5  2693.4 12084.5  22427.0    22532
read      373.8   212.2   148.8   199.5   215.1   343.0   416.2   457.9   488.6   524.1   567.0   630.5   798.9  1495.4  7986.5  60556.2    60653
read      399.1   260.9   148.8   203.7   219.8   360.5   439.6   485.4   518.6   557.3   609.7   693.7   933.3  2273.0 10546.4  59138.2    59076
read      397.1   337.3   148.8   200.9   216.0   353.4   432.1   476.5   509.9   549.8   604.4   689.2   953.4  3873.8 10030.1  60109.0    60154
read      384.9   297.1   148.8   202.7   217.1   350.4   440.0   481.5   508.1   537.2   573.1   627.7   800.5  2576.7  8535.2  23051.2    22964
read      400.6   780.4   160.7   212.8   231.2   351.7   387.8   405.5   420.0   434.4   457.5   497.2  1633.6 10618.8 32494.0   8175.6     8172
read      392.8   502.4   148.8   199.4   213.7   341.6   433.4   479.7   509.7   542.6   584.2   644.3   902.9  4960.5 31894.0  27662.0    27652
read      391.4   253.3   148.8   203.0   218.3   354.0   434.4   482.2   516.8   554.5   604.2   673.7   832.9  2090.5  8225.5  37614.4    37594
read      382.0   237.7   148.8   201.3   215.6   348.9   438.2   481.3   508.6   538.0   574.0   627.1   754.7  2336.9  8884.4  24393.4    24367
read      393.3   285.0   148.8   201.0   215.9   349.0   434.0   483.2   517.2   555.9   604.0   676.3   933.5  2984.1  9708.1  33739.8    33771
read      430.5   478.7   148.8   208.7   226.5   367.7   446.3   492.5   527.2   571.1   632.1   744.0  1587.1  7378.6 15708.3  84797.4    84944
read      402.2   285.7   148.8   205.4   222.8   357.7   430.5   473.7   507.2   547.9   606.0   709.4  1096.1  2852.2  9193.8  85670.6    85666
read      454.8   381.8   148.8   205.9   222.8   366.0   452.6   506.7   550.1   610.8   706.4  1055.8  1866.2  2598.1 12362.9  51963.0    51918
read      384.8   245.7   148.8   200.7   215.7   341.2   426.8   474.4   506.3   539.6   579.2   640.5  1024.6  2005.1  8322.1  34314.4    34406
read      400.7   437.5   148.8   203.4   218.9   351.8   442.8   488.3   517.9   548.5   588.2   657.0   942.1  4716.8 15518.6  28731.2    28664
read      390.0   196.4   148.8   203.8   219.5   356.1   435.9   483.7   517.3   553.8   597.2   665.5   827.2  1715.1  6962.1  38245.6    38289
read      379.6   266.1   148.8   202.9   217.7   355.7   438.1   473.6   496.8   521.6   548.5   593.5   736.0  2584.3 10049.9  20673.6    20658
read      373.1   370.7   160.7   203.0   216.7   358.1   413.7   439.3   456.4   474.0   498.3   536.6   730.5  5058.9 12480.1  13821.6    13840
read      381.4   267.7   148.8   204.3   220.8   348.4   416.3   455.5   484.5   519.6   567.0   641.6   834.7  2230.4  9872.0  93118.0    93419
read      373.2   269.1   148.8   204.9   221.5   342.7   405.4   443.1   470.4   503.8   546.6   616.5   777.6  2605.7 11064.1  98245.2    98284
read      376.9   252.9   148.8   199.3   214.0   340.4   413.0   455.8   487.5   524.9   573.7   648.4   809.7  2341.3  9629.8  71282.0    71313
read      387.2   400.0   148.8   197.3   212.2   343.4   420.9   467.8   502.5   541.5   590.0   661.6   830.9  3877.2 13874.8  42299.8    42089
read      382.9   246.3   148.8   198.3   213.3   346.1   422.3   466.6   501.0   540.5   590.2   663.7   828.7  1895.0  8601.8  46368.2    46458
read      375.1   270.1   148.8   197.0   211.4   333.7   420.2   468.8   501.3   534.8   574.4   630.1   776.9  2512.6  8764.0  30807.2    30755
read      392.3   238.7   148.8   201.9   217.7   354.9   436.2   483.5   516.1   552.3   599.5   680.9   867.1  1774.6  9201.9  42780.4    42889
read      454.1   516.9   148.8   211.6   232.9   393.5   473.8   525.1   565.0   618.8   694.8   826.5  1187.8  7567.7 24456.9  93424.2    93552
read      397.6   296.2   148.8   201.9   218.0   354.5   434.2   480.3   513.3   553.8   610.4   707.4   961.3  2802.4 10338.3  65837.6    65694
read      387.8   230.1   148.8   203.2   218.8   355.4   439.7   485.6   515.1   546.2   586.0   644.8   793.2  1610.2  9011.7  29480.8    29574
read      397.9   213.4   148.8   204.1   220.1   368.0   445.7   488.6   520.5   558.4   610.1   688.6   860.2  1722.9  7904.4  51346.8    51355
read      397.4   232.2   148.8   203.5   219.7   362.2   443.3   488.8   521.5   560.3   613.7   697.4   876.6  1865.5  8351.6  67476.0    67361
read      378.4   244.5   148.8   205.6   220.8   369.6   433.4   462.2   481.0   501.0   526.5   563.8   669.4  3481.0  8543.4  16275.2    16287
read      385.0   228.5   148.8   203.7   219.9   350.7   424.8   466.7   498.1   535.6   585.2   668.9   850.3  1827.3  9941.0  81394.6    81508
read      378.6   193.3   148.8   204.1   220.3   349.6   418.8   457.8   486.9   522.2   569.6   643.4   808.0  1441.3  8228.5  87529.4    87619
read      390.7   198.0   148.8   209.8   228.3   362.0   429.2   468.4   498.4   534.5   583.0   664.7   846.6  1260.3  6935.4  99318.2    99068
read      383.5   195.6   148.8   201.3   216.6   354.6   427.6   469.9   502.2   539.3   585.6   658.7   818.7  1357.1  7734.7  51416.2    51267
read      372.9   361.0   148.8   207.9   223.3   361.4   408.1   430.0   445.3   462.3   484.1   516.2   635.3  4710.9 15397.1  11795.6    11822
read      944.6   859.4   160.7   268.0   308.2   564.9  1142.0  1583.8  1688.6  1797.5  1936.4  2152.8  2970.1  7586.6 26202.3  97544.0    97494
read     1102.1   857.8   160.7   306.7   351.8   730.3  1566.7  1720.4  1815.5  1913.3  2020.3  2381.0  3098.4  6519.4 22876.3  97264.8    97350
read     1078.1   943.9   160.7   299.7   341.1   685.0  1567.9  1716.9  1809.4  1901.3  1986.0  2124.8  3041.9 12042.0 26676.8  55353.4    55460
read     1066.0   954.7   160.7   297.3   338.1   663.4  1559.0  1714.9  1802.0  1890.9  1996.3  2150.5  3035.6 12205.1 28205.3  85971.2    85984
read     1011.8   950.9   160.7   285.4   326.7   602.5  1460.7  1644.0  1732.3  1825.6  1934.7  2121.4  3034.8 11292.7 30770.0  81863.4    82043
read      872.8   941.5   148.8   257.0   286.6   495.0   884.9  1458.1  1587.4  1703.1  1830.7  2018.1  2942.4 10801.9 31194.9  52899.4    52873
read      831.6  1283.7   160.7   236.1   261.0   436.0   707.9  1186.4  1476.3  1609.6  1750.8  1963.2  3082.2 19582.9 32361.3  13922.8    13911
read      613.6   789.5   148.8   210.6   226.8   364.2   481.1   643.2   853.2  1158.0  1539.0  1797.4  2473.9  8562.4 30594.5  50050.0    49984
read      355.9   411.7   148.8   201.4   215.7   331.4   374.3   396.2   411.2   428.4   452.4   498.5   873.6  6341.5 12791.4   9300.0     9274
read      385.7   301.4   148.8   198.3   213.2   344.5   434.6   479.9   509.3   541.2   580.3   639.3   890.4  3100.2 12293.8  27102.6    27187
read      377.2   293.6   148.8   199.8   214.0   353.9   429.8   463.0   484.8   507.3   536.7   582.0   773.4  2921.7 11609.9  18788.4    18735
read      390.2   396.6   148.8   202.2   218.8   353.7   428.0   469.8   501.0   539.0   590.1   676.4   904.4  2252.4  7905.6  86396.8    86505
read      396.4   232.9   148.8   205.0   222.6   360.1   432.9   476.9   509.6   549.9   606.3   698.8   911.0  1778.8  7800.7  93088.4    93039
read      389.9   244.3   148.8   199.9   215.6   349.2   425.7   470.0   503.5   543.6   595.6   685.1   940.3  2547.7  8020.7  75858.2    75999
read      380.4   217.1   148.8   198.1   213.2   347.3   430.1   475.6   507.4   541.7   583.0   642.1   792.1  1394.7  8062.8  32279.8    32324
read      381.5   242.4   148.8   200.2   216.1   346.2   418.6   460.2   491.1   529.0   579.4   660.5   856.7  2161.7  8045.2  84105.2    84255
read      384.6   317.8   148.8   200.6   216.7   346.6   420.2   462.2   493.8   531.6   581.0   661.2   851.4  2486.4 11198.8  81732.4    81759
read      384.1   217.8   148.8   199.0   214.3   349.0   429.8   475.5   508.6   545.3   589.9   660.3   824.2  1595.0  8358.6  37304.4    37291
read      386.3   211.1   148.8   200.6   215.7   355.3   430.1   472.5   505.4   544.1   592.3   670.0   848.2  1720.0  7561.8  53746.2    53818
read      382.7   232.7   148.8   201.0   215.9   344.2   432.3   480.4   512.3   545.8   586.0   640.5   783.6  2376.7  8531.8  30381.8    30297
read      391.0   275.6   148.8   202.0   217.4   351.5   439.9   487.6   520.2   555.5   597.9   664.8   820.6  2043.6 12507.3  31415.6    31569
read      392.1   253.0   148.8   200.8   216.6   354.5   435.1   483.1   518.1   557.8   605.9   676.7   857.5  1842.3 10022.6  39034.2    38927
read      371.5   337.6   160.7   207.2   224.2   360.1   405.4   426.9   441.3   458.7   479.5   512.6   632.1  3790.6 13620.5  10636.0    10652
read      391.4   247.4   148.8   205.4   224.0   357.2   426.1   466.6   498.1   536.9   589.5   681.1   889.9  1752.4  8937.8  98224.0    98119
read      415.5   295.7   148.8   201.0   217.5   358.7   443.6   495.3   534.7   580.6   638.4   768.3  1379.4  2444.7  9823.6  48176.4    48176
read      390.8   290.2   148.8   201.6   217.0   346.8   432.7   482.6   517.0   554.7   600.0   666.0   878.6  2667.2 11507.8  35018.8    34929
read      385.6   241.2   148.8   201.5   216.9   345.7   421.5   465.4   499.5   539.7   590.5   670.8   869.4  2594.1  8603.4  69740.8    69735
read      377.1   270.0   148.8   200.4   214.7   348.8   434.6   470.8   494.8   520.3   548.1   591.2   753.4  2512.3 11865.6  20844.4    20753
read      390.5   392.7   148.8   203.4   219.6   350.3   423.6   465.2   496.6   534.6   583.7   662.8   852.7  3551.8 12091.3  84618.6    84642
read      384.1   259.1   148.8   200.2   215.6   345.3   424.3   471.8   508.5   549.7   597.6   662.9   805.3  1937.4  7499.0  42400.6    42333
read      386.7   214.5   148.8   202.3   217.2   349.7   426.7   470.7   504.8   545.4   594.9   672.1   865.0  2038.1  6315.1  61491.8    61587
read      391.2   280.2   148.8   203.5   219.6   352.8   428.4   470.9   503.6   542.3   592.2   674.4   865.7  3409.8  8552.6  77840.8    77998
read      400.1   276.3   148.8   207.6   226.6   363.6   435.2   477.1   508.8   548.7   604.9   697.8   937.6  1726.0 13079.2  97461.6    97625
read      381.1   292.6   148.8   199.5   213.9   344.7   439.2   480.7   507.6   536.9   571.1   619.2   748.0  3021.8 11443.8  23817.2    23781
read      394.0   348.1   148.8   201.4   216.9   349.6   427.6   472.5   506.9   547.3   598.9   681.8   906.9  3874.1 12049.9  66671.4    66723
read      382.9   261.1   148.8   197.6   212.6   340.6   430.2   478.8   513.3   549.3   589.3   642.0   801.9  2591.8  9666.9  31086.6    31016
read      390.3   358.7   148.8   198.7   214.1   349.0   427.7   474.5   510.0   551.0   600.8   671.2   839.1  2195.6 12501.8  47521.2    47394
read      391.4   284.3   148.8   205.5   223.7   356.0   426.3   465.9   496.3   533.0   581.5   661.3   865.6  3760.2  9415.2  95341.0    95335
read      361.1   456.6   160.7   222.2   246.4   327.1   354.6   368.9   380.3   395.8   417.7   460.8   712.7  7953.5 15500.4   5277.4     5252
read      388.5   296.3   148.8   199.4   214.7   347.8   424.5   468.5   501.9   541.9   593.5   678.1   895.5  2691.7 10880.1  65773.4    65908
read      429.8   392.8   148.8   200.8   216.8   388.6   466.2   508.6   545.1   594.1   666.2   767.5  1058.5  4122.7 15372.2  16980.6    16889
read      530.3   580.5   148.8   200.4   218.2   375.6   513.6   612.7   727.5   904.7  1091.1  1317.0  1758.4  5513.9 22886.6  42909.8    42912
read      565.3   425.2   148.8   232.2   265.1   463.0   569.6   641.0   702.3   782.7   902.5  1401.2  2032.9  3168.3 10629.3  99907.2    99898
read      374.3   274.3   148.8   197.9   212.0   336.8   425.4   469.1   497.8   528.1   562.7   613.3   744.2  3432.7  9728.3  26289.8    26385
read      373.6   219.5   148.8   197.8   211.9   344.2   434.3   472.5   498.0   525.4   556.1   600.4   723.7  1904.6  8124.7  22528.6    22616
read      385.2   242.2   148.8   199.1   214.1   351.9   426.0   469.1   502.4   541.4   589.7   663.5   842.5  1890.2  9260.4  50630.2    50605
read      390.7   360.9   148.8   202.9   219.7   350.9   422.0   462.3   492.7   529.9   580.1   663.2   864.2  4044.3 13219.3  90126.0    90283
read      373.8   232.0   148.8   197.7   211.9   338.7   428.2   471.9   499.4   529.5   564.7   615.8   746.8  1871.1 10187.4  26172.6    26273
read      386.5   483.9   148.8   199.0   214.2   351.7   426.7   469.6   503.4   542.3   590.9   662.9   835.1  2190.8  8277.3  48484.8    48521
read      385.3   422.2   148.8   197.7   212.4   340.6   420.8   467.8   500.8   536.2   577.5   635.2   806.3  5196.6 12905.9  34082.8    34058
read      385.1   248.7   148.8   201.0   216.1   350.0   425.1   467.5   499.5   537.8   587.6   669.2   849.9  2401.1  9506.8  75544.8    75648
read      374.2   305.2   148.8   200.0   214.0   349.5   427.6   460.9   482.2   504.3   533.1   575.3   718.6  3422.4  9369.0  19416.2    19482
read      375.6   382.8   148.8   199.5   213.7   358.1   420.3   447.8   464.7   485.0   507.8   545.9   687.2  4575.0 14211.1  15060.8    15054
read      388.9   340.1   148.8   198.5   214.0   345.6   421.2   464.0   496.1   535.1   585.7   670.7   913.9  3584.5 12295.4  75719.0    75754
read      368.8   544.2   160.7   219.2   240.9   320.6   348.0   364.9   376.1   394.6   419.3   474.1  1490.0  8394.9 20722.2   5171.6     5187
read      381.1   417.2   148.8   197.1   211.2   355.5   424.5   455.0   474.2   496.3   523.1   564.4   730.9  5946.7 15261.1  17674.6    17656
read      383.0   260.3   148.8   203.6   220.9   350.3   419.3   458.9   488.4   524.5   573.0   650.0   831.8  1919.6 10239.6  96070.6    96343
read      383.0   249.8   148.8   196.2   211.1   347.7   428.6   473.9   507.3   544.8   588.9   656.5   848.0  1670.3 10918.4  36643.2    36665
read      385.6   337.5   148.8   199.9   216.1   347.8   421.7   463.3   494.7   532.3   581.2   659.3   850.4  2750.1 13213.7  85278.6    85269
read      385.4   376.8   148.8   196.7   211.5   344.5   427.8   473.7   504.7   538.8   579.5   637.7   821.1  4132.9 14040.3  31673.2    31525
read      389.9   447.7   148.8   199.9   214.9   352.5   430.5   473.8   506.1   545.6   597.1   679.5   895.2  1945.4 10709.7  61772.6    61798
read      372.9   459.3   148.8   202.9   217.4   360.1   406.4   428.5   443.5   460.5   482.3   520.4   699.4  4358.0 16186.9  12276.6    12253
read      396.9   292.2   148.8   195.9   211.0   350.7   441.7   485.0   513.6   548.5   599.7   733.6  1074.6  2063.9 12453.3  25734.4    25710
read      396.6   362.1   137.8   197.9   214.6   348.5   421.5   463.5   495.1   533.5   585.9   687.4  1108.5  3997.7 14297.2  80128.4    79937
read      375.3   613.2   148.8   211.5   231.1   338.5   370.0   387.8   399.7   416.3   436.2   477.3   970.1  7480.6 32144.8   7259.8     7271
read      376.4   254.5   137.8   197.7   213.3   339.8   410.7   452.0   481.5   517.4   566.5   643.7   860.8  2341.2 10536.1  85646.8    85861
read      391.6   308.1   148.8   201.6   218.7   351.1   423.5   464.8   495.5   533.1   584.3   669.9   929.1  2997.5  9441.5  91548.6    91467
read      379.5   302.5   148.8   195.6   210.6   339.9   413.5   455.4   486.1   523.4   572.0   645.5   851.8  3754.0 11921.1  72429.0    72217
read      373.0   269.2   148.8   194.7   209.0   335.9   420.2   467.1   497.6   530.4   568.5   622.3   759.4  2451.0 11494.9  31144.0    31080
read      378.3   293.2   148.8   196.7   211.9   339.9   412.7   454.5   484.9   521.8   570.9   650.2   877.0  2237.5 12622.1  76912.0    76878
read      373.3   216.6   148.8   196.3   211.8   337.4   408.5   449.7   479.1   515.0   564.0   640.3   868.2  2002.9  8249.0  84600.4    84584
read      374.4   510.6   148.8   199.8   214.2   355.1   402.6   427.2   443.3   460.5   482.0   515.1   690.4  7008.9 30473.6  12511.6    12492
read      377.7   201.1   148.8   196.5   211.4   345.1   419.3   462.4   494.4   532.4   579.9   649.5   826.9  1878.3  7575.1  57098.0    57106
read      397.4   409.3   137.8   203.9   221.2   353.5   423.5   463.9   494.5   532.3   583.6   671.8   951.0  4756.7 14129.1  96064.4    96245
read      385.4   565.3   160.7   210.2   231.0   339.8   376.1   398.3   416.5   438.7   469.3   526.8  1388.3  9739.8 18715.4   6746.0     6791
read      923.9   816.8   148.8   255.3   291.3   552.5  1314.5  1537.9  1644.5  1735.8  1837.1  2007.8  2907.9  7482.7 22417.8  90405.4    90728
read      512.8  1238.5   148.8   203.3   221.8   321.0   363.8   394.9   424.8   479.2   640.2  1347.6  3838.5 18075.6 37114.3   5170.0     5151
read      373.7   260.6   148.8   195.1   210.5   338.0   409.9   452.2   482.0   517.9   567.2   641.9   829.6  2118.3  8081.2  82499.0    82969
read      375.7   223.7   148.8   195.9   210.9   342.6   417.3   461.9   494.3   531.5   577.0   640.4   800.7  1600.9  8858.7  42637.4    42635
read      385.4   311.1   148.8   203.8   221.3   351.2   418.8   458.2   487.7   523.7   572.7   651.3   840.5  2638.6 11756.6  99313.6    99337
read      397.6   360.5   148.8   202.5   219.9   353.0   424.3   465.2   496.4   534.9   587.6   680.8  1015.5  3967.9 10061.1  95052.4    95192
read      383.3   244.4   148.8   198.2   213.9   344.4   419.9   462.3   493.3   530.3   580.4   663.4   921.5  2249.3  8684.3  69210.0    69200
read      389.5   357.7   137.8   200.9   216.7   350.1   427.0   470.8   504.2   542.2   590.1   662.8   828.5  3898.9 11009.4  49270.4    49459
read      382.3   396.1   148.8   197.6   212.5   340.0   427.1   473.2   502.2   533.7   570.7   623.5   778.6  4064.7 14468.7  29068.8    29055
read      376.8   273.9   148.8   196.6   211.4   341.3   415.7   458.7   489.7   526.7   575.6   648.3   818.5  2021.4 10548.9  64064.2    64324
read      362.6   743.1   148.8   213.9   235.6   321.1   346.4   363.0   373.4   390.0   410.5   461.0   956.9  6066.0 39521.9   5730.2     5705
read      378.6   262.7   137.8   199.2   215.0   341.9   413.2   454.9   485.0   521.3   570.6   647.5   845.0  2470.5 10059.3  84710.4    84816
read      366.3   229.9   148.8   195.0   208.9   339.4   423.4   462.6   486.8   511.8   543.6   588.3   703.7  1788.2  8753.1  23597.2    23714
read      382.8   369.4   148.8   197.6   212.8   342.6   417.4   459.9   490.9   528.2   578.1   655.6   830.5  4427.1 13600.0  74163.2    74116
read      377.0   334.0   148.8   196.5   210.7   350.1   425.3   460.0   481.9   504.8   534.7   580.1   766.6  4262.1 13179.0  19962.4    19948
read      376.4   233.9   148.8   196.4   211.6   344.2   417.4   461.1   493.2   530.6   576.9   641.0   796.8  1837.4  8779.5  44297.2    44213
read      381.8   476.4   148.8   196.6   210.8   351.1   425.7   458.9   480.0   502.3   530.9   573.8   728.6  6724.4 17386.1  19426.8    19454
read      370.7   555.3   148.8   211.1   230.0   338.6   370.0   387.3   398.9   414.9   435.0   475.5   819.9  7789.4 28749.6   7224.2     7190
read      378.6   236.4   148.8   195.8   210.7   344.6   417.7   460.7   492.7   530.5   578.3   648.5   836.0  2165.6  8045.9  47710.6    47657
read      374.6   211.4   148.8   195.2   210.1   342.4   416.1   460.7   493.6   531.5   577.3   640.3   789.9  1707.6  8505.8  44369.2    44399
read      354.3   410.3   160.7   212.2   231.7   324.2   352.2   367.4   378.0   392.4   409.8   453.5   901.3  6199.3 15815.4   6528.2     6481
read      356.1   476.4   148.8   215.6   236.7   319.8   345.1   360.1   369.8   383.5   401.0   440.7  1298.2  7470.5 16000.8   5788.6     5807
read      373.7   245.4   148.8   197.1   212.6   337.6   408.9   450.5   479.9   515.6   563.8   639.0   835.0  2617.5  9120.5  82975.6    83137
read      359.3   466.4   148.8   205.4   221.2   342.3   379.2   397.3   410.5   427.1   448.2   480.3   639.1  4047.7 30607.2   9548.4     9580
read      379.6   298.3   148.8   196.1   211.3   341.6   419.1   465.8   498.5   535.0   578.8   639.2   799.7  3319.5  8722.4  37459.6    37385
read      372.6   264.1   148.8   194.8   209.4   334.8   415.5   462.9   494.4   529.0   569.7   626.7   774.9  1647.7 10025.8  33589.8    33706
read      422.9   457.9   148.8   197.4   213.3   352.3   445.1   499.4   538.1   584.7   653.0   849.9  1306.1  3747.6 19596.2  35185.0    35204
read      483.9   600.7   148.8   197.5   214.0   352.7   456.1   527.7   586.3   678.7   914.6  1262.2  1796.3  7331.2 28399.5  50456.8    50438
read      381.0   281.2   148.8   196.1   211.2   344.8   418.9   463.3   496.1   534.6   583.1   653.7   839.0  2019.5 12124.2  48894.0    48878
read      381.4   269.0   148.8   196.1   211.2   344.4   420.3   466.1   498.6   536.3   583.2   651.6   850.3  2622.3  8970.1  42466.2    42682
read      376.0   457.6   148.8   194.5   208.7   333.0   418.0   463.7   491.8   521.2   554.1   603.8   743.0  4008.3 27234.0  27259.4    27416
read      381.0   247.1   148.8   195.4   210.3   344.0   420.4   463.5   495.5   533.4   583.1   662.4   879.5  2191.9 10172.8  64633.4    64424
read      378.4   262.0   148.8   195.1   210.1   344.3   419.7   462.7   494.0   531.1   580.3   656.0   851.4  1957.5  7811.6  64298.4    64364
read      348.3   463.4   160.7   215.6   236.4   313.8   338.3   351.5   362.2   373.0   393.1   431.9   971.2  7846.1 16601.1   5491.6     5481
read      367.8   238.3   148.8   193.9   208.2   334.1   418.3   462.3   489.7   518.4   550.4   601.9   745.8  2056.1  9487.2  26162.8    26227
read      373.9   282.1   148.8   194.8   209.5   339.3   425.6   467.2   491.8   517.6   547.4   597.9   783.2  3506.3 10113.8  26566.6    26586
read      387.5   269.4   148.8   200.9   217.8   349.4   422.9   465.8   498.1   536.5   587.4   672.3   885.4  2193.0 10245.3  86203.2    86286
read      377.8   385.3   148.8   194.1   209.1   342.1   426.8   465.8   488.9   512.4   541.9   588.9   799.5  5431.9 12677.5  24490.6    24452
read      367.8   233.8   148.8   193.2   207.3   334.2   418.0   463.0   491.1   520.8   555.2   606.9   733.9  2633.0  8267.4  26818.6    26832
read      365.6   226.1   148.8   193.6   207.7   330.2   411.8   459.4   490.2   522.1   558.5   611.3   732.8  1651.0  8236.0  29702.4    29795
read      377.6   251.0   137.8   195.0   210.2   345.8   418.8   462.2   494.0   531.4   579.0   646.2   799.5  1738.8  8715.1  46308.2    46224
read      509.4   383.2   148.8   219.5   245.3   449.1   555.5   618.6   666.1   727.0   816.8  1012.7  1394.6  2422.0 14988.1  84619.8    84587
read      370.8   220.0   148.8   193.1   208.3   338.7   410.6   453.2   484.1   518.6   561.6   629.1   828.7  2011.2  8074.3  63291.4    63389
read      372.9   219.8   137.8   193.7   209.1   341.9   419.1   463.7   495.0   529.3   570.1   629.4   792.1  1362.3  8066.9  47034.2    46953
read      359.7   394.7   148.8   193.8   209.4   330.7   395.4   432.4   460.2   493.1   535.5   604.3   771.3  1475.4 10015.2  90646.8    90536
read      361.5   328.1   148.8   201.3   216.6   355.5   398.3   419.4   432.9   450.1   468.7   500.6   588.9  4022.8 12529.9  12420.4    12508
read      363.4   199.5   137.8   192.4   207.6   335.1   409.7   454.7   484.7   515.5   549.4   601.0   733.1  1132.7  8759.1  38479.6    38491
read      358.3   214.5   137.8   195.9   212.0   331.8   394.4   429.9   456.8   488.6   529.9   596.6   761.3  1282.6 10346.3  97497.8    97806
read      357.0   398.4   148.8   200.5   215.9   348.8   388.1   407.0   421.0   435.0   456.2   486.4   574.5  4501.0 15995.5  11823.2    11813
read      362.4   200.5   137.8   192.7   207.8   334.2   408.4   452.4   482.9   514.6   549.4   600.9   722.2  1132.0  8625.8  39516.0    39665
read      366.2   169.4   148.8   193.7   209.1   340.2   411.5   452.9   483.3   517.3   557.0   616.9   755.7  1134.4  4901.4  53595.6    53571
read      368.6   217.5   148.8   193.9   209.3   339.1   411.7   453.0   483.2   517.2   559.0   624.0   786.8  1462.9  9918.8  63281.0    63215
read      364.5   196.9   137.8   193.3   208.7   334.3   404.4   444.6   473.0   507.1   550.6   625.1   800.8  1482.0  8329.6  78491.0    78767
read      362.1   353.6   160.7   208.5   225.9   348.7   380.7   397.0   408.4   423.8   441.4   471.2   607.0  5604.1 13492.0   8654.0     8615
read      365.1   193.0   137.8   195.6   210.9   337.4   408.3   448.5   477.7   510.4   551.0   614.6   756.4  1333.2  7541.5  67758.6    67903
read      364.1   275.3   148.8   198.3   213.3   358.0   417.1   444.0   461.3   480.0   500.7   532.0   596.0  3253.4 12636.7  16334.2    16398
read      365.5   164.3   148.8   196.5   211.9   339.3   409.1   450.6   482.3   517.7   556.7   613.1   730.1  1067.6  5258.5  53368.8    53434
read      367.0   202.1   148.8   195.8   211.0   334.1   413.7   461.3   493.0   525.3   561.1   611.8   726.4  1219.8  7902.2  38287.8    38068
read      361.7   386.3   148.8   208.3   225.0   346.2   379.1   395.9   407.2   422.1   437.0   467.5   594.9  6698.7 15780.8   9248.4     9130
read      366.6   205.6   148.8   196.1   211.4   336.5   407.1   448.9   479.5   514.2   556.1   620.3   774.9  1493.5  8430.0  69065.2    69227

Total QPS = 49290.6 (44361532 / 900.0s)

Total connections = 64
Misses = 0 (0.0%)
Skipped TXs = 0 (0.0%)

RX 10957298157 bytes :   11.6 MB/s
TX          0 bytes :    0.0 MB/s
Warning! Detected max cpu usage > 95%
CPU Usage Stats (avg/min/max): 100.00%,49.49%,100.00%