Random waveform, supplied seed
Total number of intervals = 75 (7434, 67201, 85927, 63953, 31595, 87879, 7287, 62295, 6561, 22532, 60653, 59076, 60154, 22964, 8172, 27652, 37594, 24367, 33771, 84944, 85666, 51918, 34406, 28664, 38289, 20658, 13840, 93419, 98284, 71313, 42089, 46458, 30755, 42889, 93552, 65694, 29574, 51355, 67361, 16287, 81508, 87619, 99068, 51267, 11822, 97494, 97350, 55460, 85984, 82043, 52873, 13911, 49984, 9274, 27187, 18735, 86505, 93039, 75999, 32324, 84255, 81759, 37291, 53818, 30297, 31569, 38927, 10652, 98119, 48176, 34929, 69735, 20753, 84642, 42333)
Average QPS expected = 51482
Timestamp start: 1715439272616
Timestamp end: 1715440173187

#type       avg     std     min      p5     p10     p50     p67     p75     p80     p85     p90     p95     p99    p999   p9999      QPS   target
read      377.6   457.5   160.7   236.8   257.3   351.5   382.0   398.0   409.7   424.9   443.5   483.3   699.1  5526.7 20226.6   7405.4     7434
read      385.7   361.3   160.7   213.5   228.4   341.0   402.9   440.6   470.1   509.1   561.9   638.7  1034.4  3853.6 12524.2  67203.2    67201
read      384.6   377.7   160.7   213.2   228.6   341.5   400.8   435.7   463.4   498.2   544.9   622.0  1075.0  4187.4 12160.9  85949.8    85927
read      377.5   238.5   160.7   213.6   228.4   342.1   404.8   443.6   473.6   514.2   566.1   634.4   786.4  2358.6  9395.8  63866.5    63953
read      381.2   266.4   160.7   212.4   226.9   337.1   421.3   468.1   500.6   535.4   573.5   625.0   769.9  2492.9 10137.6  31646.3    31595
read      371.6   292.6   160.7   212.8   228.1   339.5   398.5   432.7   459.2   492.1   536.8   607.7   789.5  2403.7 12033.5  87794.9    87879
read      368.6   365.2   173.5   235.0   255.5   345.5   375.4   391.5   401.6   416.6   433.5   468.8   626.6  5397.6 13345.4   7294.0     7287
read      370.6   259.9   148.8   210.0   225.0   335.8   397.7   435.4   466.2   506.1   557.7   625.3   762.6  1994.8  8070.7  62269.8    62295
read      364.4   461.6   173.5   233.9   254.8   335.9   363.8   378.2   390.2   402.1   422.7   459.1   660.4  6898.3 20215.4   6602.8     6561
read      393.1   311.7   160.7   217.9   232.6   361.3   445.1   482.5   507.4   535.2   567.0   611.3   731.3  3177.5 12848.9  22483.2    22532
read      385.5   200.8   148.8   216.9   232.0   352.5   422.5   463.2   495.2   533.8   580.8   648.1   797.6  1615.5  7964.2  60589.4    60653
read      437.1   348.2   148.8   218.8   234.7   360.5   438.7   491.7   534.8   589.4   678.2   925.0  1572.3  2942.8 11075.1  59148.9    59076
read      385.6   246.5   160.7   216.5   231.5   350.7   418.4   458.0   489.1   528.1   576.3   645.1   807.6  1942.1  8927.2  60111.2    60154
read      389.9   244.8   160.7   217.4   231.6   356.4   440.8   481.6   509.4   539.8   573.6   620.3   739.4  2385.4 10062.7  22923.2    22964
read      375.6   363.4   160.7   234.3   254.3   355.8   388.7   404.7   418.2   431.7   452.3   486.8   630.4  5169.7 15718.3   8193.0     8172
read      391.1   306.4   160.7   214.8   229.4   348.5   435.5   480.9   511.9   545.3   582.2   633.7   766.0  3403.8 10986.5  27676.2    27652
read      388.3   208.6   160.7   216.7   231.4   347.7   426.0   473.9   511.7   552.2   595.2   657.8   792.1  1575.1  8906.8  37652.6    37594
read      393.7   302.3   160.7   218.5   232.5   355.5   440.6   482.8   512.1   543.3   578.7   628.2   747.7  3466.6 11909.5  24400.0    24367
read      388.9   214.6   160.7   217.2   231.6   348.7   429.0   476.3   511.6   549.7   591.3   651.5   786.8  1996.7  8117.8  33687.7    33771
read      374.9   199.9   160.7   215.0   230.2   345.4   406.2   442.3   469.0   503.7   549.4   621.8   783.1  1763.8  5800.9  84931.7    84944
read      379.4   217.9   160.7   216.4   232.1   348.6   410.9   447.3   473.9   508.6   555.0   626.7   795.0  2218.1  7924.2  85755.8    85666
read      421.7   299.6   160.7   218.6   234.2   359.8   439.3   492.6   535.3   585.7   654.9   798.4  1305.8  2262.8 10511.4  51849.2    51918
read      529.8   716.1   160.7   219.8   236.3   399.4   530.7   626.9   715.5   810.9   921.5  1093.9  1747.2 11017.4 31059.0  34360.8    34406
read      531.8   787.1   160.7   220.2   236.9   408.6   539.2   629.9   703.3   779.9   868.3  1004.6  1807.5 10880.7 32085.1  28653.1    28664
read      524.5   669.6   160.7   219.6   236.3   395.0   526.7   622.9   714.9   817.8   932.4  1103.9  1577.2  8881.2 30896.5  38286.8    38289
read      502.2   790.9   160.7   220.5   238.1   413.4   516.9   588.5   637.8   688.5   744.0   834.0  1247.1 12268.5 33067.0  20623.7    20658
read      466.5   777.4   160.7   222.6   241.2   397.6   486.3   540.4   573.3   607.1   643.5   702.2  1004.0 10985.5 32461.9  13850.5    13840
read      622.8   591.0   160.7   250.0   283.8   452.6   558.8   626.5   684.3   801.3  1479.3  1714.9  2312.0  5520.1 15458.7  93433.2    93419
read      368.8   240.5   148.8   213.3   229.3   341.0   396.2   428.3   453.3   484.1   527.1   592.6   744.9  2562.4  8790.9  98293.4    98284
read      371.7   240.0   160.7   212.0   227.0   339.1   400.8   436.6   465.1   501.0   548.5   620.8   781.0  2041.5  6483.6  71303.8    71313
read      380.2   266.0   160.7   213.4   228.0   338.3   409.0   455.7   491.8   534.2   581.1   640.4   786.9  2070.1  9698.0  42083.6    42089
read      377.6   250.0   160.7   212.3   227.1   337.2   404.4   450.2   486.2   529.6   578.4   638.1   772.6  2382.9  9369.0  46527.2    46458
read      387.4   410.8   160.7   209.9   224.0   336.3   427.2   477.1   508.4   540.9   577.4   627.2   758.4  4325.8 14777.2  30859.7    30755
read      378.0   256.4   160.7   210.2   224.5   335.1   410.1   460.2   497.1   537.9   583.3   639.6   775.1  1869.4  9047.1  42789.8    42889
read      365.5   238.8   148.8   212.0   226.9   335.3   392.8   426.5   452.2   483.5   526.1   591.5   750.6  1984.0  9352.5  93534.8    93552
read      373.5   250.1   160.7   212.6   227.1   337.9   400.0   437.0   466.4   504.3   554.5   626.8   794.0  2194.9  9383.4  65690.6    65694
read      383.8   301.3   160.7   212.1   226.3   337.9   427.3   475.4   507.7   542.7   579.8   628.5   747.1  2848.5 12316.8  29594.2    29574
read      377.2   268.6   148.8   211.1   226.0   336.7   401.8   445.1   479.9   524.8   576.9   640.6   790.7  2349.0 10761.7  51407.4    51355
read      382.0   269.7   148.8   212.0   227.3   343.1   410.0   449.8   479.8   518.8   569.3   638.3   853.8  2722.9  8476.1  67296.3    67361
read      381.8   362.3   160.7   215.7   229.9   362.8   421.7   449.0   466.6   488.5   514.1   558.3   689.4  4052.0 13540.1  16319.3    16287
read      361.3   220.5   148.8   209.5   224.3   331.0   389.7   424.0   450.1   482.3   527.5   593.9   742.9  1858.6  8991.4  81421.6    81508
read      367.6   245.6   148.8   211.1   226.4   335.7   393.6   427.4   453.4   485.5   530.2   597.1   759.9  2787.0  9063.2  87612.8    87619
read      369.0   310.2   148.8   212.8   228.7   339.2   393.2   424.7   448.7   477.9   519.3   585.4   747.2  3359.1 12946.6  99080.6    99068
read      420.5   329.1   160.7   212.8   228.0   343.4   421.2   475.7   522.8   579.6   657.3   890.4  1414.9  3758.9 10588.4  51329.2    51267
read      376.4   396.8   160.7   222.0   238.2   360.8   403.3   424.0   437.0   455.0   474.3   512.6   632.7  4218.5 19276.0  11844.8    11822
read      366.0   236.6   148.8   212.9   228.7   338.9   393.9   425.7   450.0   479.7   522.2   588.8   743.5  1953.6  9601.1  97540.9    97494
read      364.8   229.8   148.8   213.9   229.9   339.6   394.1   425.5   449.4   478.3   518.9   583.4   726.1  1832.4  8067.2  97412.8    97350
read      370.6   271.8   160.7   211.3   226.1   332.4   394.6   433.8   466.3   508.0   561.3   625.6   757.0  1949.1 10815.6  55471.7    55460
read      362.7   288.1   148.8   209.8   224.8   331.5   388.7   421.7   446.6   477.4   521.8   589.1   732.0  2909.0 12027.2  85958.0    85984
read      366.0   205.9   160.7   209.9   224.9   335.1   395.5   430.3   457.1   490.4   536.3   606.1   764.2  1894.3  8609.9  81977.4    82043
read      371.0   240.6   160.7   210.4   225.0   332.3   396.2   436.6   470.1   513.5   566.4   629.3   760.3  2187.1  8474.1  52832.5    52873
read      379.6   388.6   160.7   219.7   234.4   361.8   411.3   434.3   450.7   467.6   493.2   534.4   648.0  4645.1 16800.7  13981.2    13911
read      371.6   296.4   160.7   210.3   224.8   329.9   395.1   437.6   472.9   518.3   571.3   632.1   760.3  1898.5 11464.5  50097.2    49984
read      371.2   459.6   160.7   224.7   242.6   349.7   383.7   400.5   413.2   427.4   446.1   478.8   637.5  5012.4 22514.2   9287.1     9274
read      373.4   208.2   160.7   210.3   224.4   336.0   421.4   464.3   493.1   524.6   560.2   606.3   715.9  2163.2  7864.9  27199.0    27187
read      380.2   344.9   160.7   213.5   227.8   356.5   423.3   453.8   473.4   497.8   528.4   574.0   688.1  4143.1 12029.4  18738.1    18735
read      549.1   538.5   148.8   222.4   243.8   391.8   464.5   521.2   576.8   677.7  1413.7  1674.8  2028.8  3050.0 13648.5  86501.6    86505
read      364.5   226.3   148.8   210.9   226.4   336.4   393.0   425.6   450.5   481.1   524.4   591.3   747.2  1925.7  8380.7  93064.2    93039
read      364.3   233.5   160.7   209.9   224.7   331.9   391.7   426.5   453.6   487.9   535.9   605.7   755.0  2047.4  7468.4  76170.7    75999
read      376.1   204.1   148.8   211.7   226.5   338.4   420.5   465.6   496.7   530.6   568.2   616.8   726.0  1935.9  8602.8  32286.8    32324
read      368.4   184.9   148.8   212.7   228.4   342.8   403.2   437.7   463.8   496.1   538.7   602.5   741.6  1150.6  7674.2  84258.1    84255
read      368.0   174.0   148.8   214.0   229.4   342.4   403.2   438.0   464.4   496.6   539.1   601.5   731.3  1085.8  7561.2  81706.1    81759
read      379.4   208.1   148.8   213.6   228.7   341.6   421.2   468.5   502.1   538.4   577.0   625.9   728.5  1381.9  8936.6  37365.1    37291
read      375.5   191.7   148.8   214.3   229.7   344.2   410.8   451.8   483.1   521.6   566.6   622.5   732.5  1224.4  7045.2  53765.2    53818
read      372.9   215.2   148.8   212.1   226.8   339.6   422.4   464.2   491.1   519.8   551.6   591.9   681.7  1835.7  9252.8  30329.7    30297
read      372.2   229.3   148.8   211.9   226.6   337.4   419.2   461.8   489.6   519.6   553.2   595.2   686.6  1494.4  8886.8  31585.2    31569
read      374.2   229.4   160.7   213.4   228.3   338.8   414.7   458.8   490.1   525.1   564.2   613.4   712.6  1042.1 10137.8  38764.4    38927
read      376.8   315.2   160.7   227.8   246.0   365.8   403.9   422.6   434.3   450.6   468.2   503.8   617.9  4190.5 12848.6  10702.3    10652
read      367.0   163.6   148.8   216.4   232.5   345.9   401.1   432.6   456.5   485.2   524.5   586.5   724.9  1056.2  5754.6  98048.4    98119
read      379.1   199.8   148.8   215.0   230.2   345.5   417.5   460.9   494.2   533.1   575.7   628.7   740.2  1138.2  7878.8  48144.9    48176
read      377.4   204.3   160.7   214.6   229.4   341.8   421.8   466.8   498.2   532.2   569.2   616.5   715.1  1253.5  8550.1  34959.4    34929
read      369.9   185.8   160.7   213.4   228.8   342.5   405.6   442.3   469.4   503.4   546.7   607.1   733.2  1222.7  7668.8  69771.3    69735
read      382.0   242.6   148.8   220.3   236.2   363.9   434.4   463.8   483.7   504.9   533.7   574.5   659.9  2403.6 11435.7  20795.2    20753
read      366.6   170.3   148.8   213.0   228.5   340.9   401.3   435.5   461.6   493.6   536.2   599.1   739.1  1303.6  5463.7  84545.1    84642
read      371.0   189.8   148.8   212.7   227.8   338.0   409.0   452.0   482.9   519.0   559.7   610.2   710.8  1306.3  7309.0  42219.6    42333

Total QPS = 51481.5 (46333336 / 900.0s)

Total connections = 64
Misses = 0 (0.0%)
Skipped TXs = 0 (0.0%)

RX 11444334239 bytes :   12.1 MB/s
TX          0 bytes :    0.0 MB/s
Warning! Detected max cpu usage > 95%
CPU Usage Stats (avg/min/max): 99.97%,50.25%,100.00%