Random waveform, supplied seed
Total number of intervals = 180 (7434, 67201, 85927, 63953, 31595, 87879, 7287, 62295, 6561, 22532, 60653, 59076, 60154, 22964, 8172, 27652, 37594, 24367, 33771, 84944, 85666, 51918, 34406, 28664, 38289, 20658, 13840, 93419, 98284, 71313, 42089, 46458, 30755, 42889, 93552, 65694, 29574, 51355, 67361, 16287, 81508, 87619, 99068, 51267, 11822, 97494, 97350, 55460, 85984, 82043, 52873, 13911, 49984, 9274, 27187, 18735, 86505, 93039, 75999, 32324, 84255, 81759, 37291, 53818, 30297, 31569, 38927, 10652, 98119, 48176, 34929, 69735, 20753, 84642, 42333, 61587, 77998, 97625, 23781, 66723, 31016, 47394, 95335, 5252, 65908, 16889, 42912, 99898, 26385, 22616, 50605, 90283, 26273, 48521, 34058, 75648, 19482, 15054, 75754, 5187, 17656, 96343, 36665, 85269, 31525, 61798, 12253, 25710, 79937, 7271, 85861, 91467, 72217, 31080, 76878, 84584, 12492, 57106, 96245, 6791, 90728, 5151, 82969, 42635, 99337, 95192, 69200, 49459, 29055, 64324, 5705, 84816, 23714, 74116, 19948, 44213, 19454, 7190, 47657, 44399, 6481, 5807, 83137, 9580, 37385, 33706, 35204, 50438, 48878, 42682, 27416, 64424, 64364, 5481, 26227, 26586, 86286, 24452, 26832, 29795, 46224, 84587, 63389, 46953, 90536, 12508, 38491, 97806, 11813, 39665, 53571, 63215, 78767, 8615, 67903, 16398, 53434, 38068, 9130, 69227)
Average QPS expected = 49317
Timestamp start: 1715091332930
Timestamp end: 1715092233480

#type       avg     std     min      p5     p10     p50     p67     p75     p80     p85     p90     p95     p99    p999   p9999      QPS   target
read      386.5   523.7   160.7   227.5   247.7   358.8   391.1   407.3   420.8   434.4   456.4   494.0   687.6  7743.4 24455.4   7425.8     7434
read      372.1   184.1   148.8   206.6   220.7   330.1   399.9   445.9   483.2   529.9   587.0   664.9   837.3  1636.9  5378.0  67145.4    67201
read      376.9   382.2   148.8   207.7   222.3   332.0   395.1   433.9   464.6   503.2   555.1   637.8   859.7  3868.9 15732.3  85886.0    85927
read      388.5   360.0   148.8   204.3   217.9   330.5   399.9   444.5   480.9   528.8   591.5   682.8  1329.6  5083.0 10250.4  64060.4    63953
read      411.5   534.0   148.8   202.3   215.1   335.8   439.3   500.6   541.1   582.8   629.7   694.6  1112.5  7195.4 30456.0  31471.4    31595
read      381.8   369.5   160.7   208.3   223.2   334.3   398.0   436.1   466.7   504.9   557.4   641.5   950.0  4583.6 12023.8  87834.0    87879
read      374.0   460.1   173.5   225.0   244.4   354.1   388.1   405.1   418.7   432.3   453.4   487.4   624.0  5014.7 24611.8   7262.2     7287
read      373.7   223.3   148.8   204.0   217.4   332.1   401.9   447.0   483.4   531.2   591.5   671.0   817.1  1842.0  7984.8  62241.2    62295
read      393.7   891.2   160.7   225.3   246.8   345.2   376.6   394.2   405.4   421.4   437.8   469.6   663.4 11406.9 32476.3   6597.4     6561
read      397.3   503.1   148.8   201.9   214.6   350.0   451.5   497.1   525.8   555.7   588.8   636.7   801.5  6344.2 29581.7  22390.8    22532
read      391.0   412.4   148.8   204.4   217.9   330.7   401.5   449.5   488.5   540.4   606.6   691.3  1239.7  4737.6 15841.6  60711.2    60653
read      373.9   368.3   148.8   201.8   214.9   321.5   389.5   436.0   475.9   526.2   583.7   656.1   879.1  3853.3 13613.2  59054.0    59076
read      371.9   259.5   148.8   203.6   216.9   329.0   398.7   443.6   480.0   526.1   583.4   657.1   804.5  2198.4  9334.6  60259.4    60154
read      378.7   238.2   148.8   202.2   215.2   342.9   443.9   487.9   514.8   542.6   574.7   618.1   707.9  1798.1  9137.9  23080.2    22964
read      398.5   693.3   160.7   223.0   241.2   358.8   397.0   417.0   430.4   447.2   467.2   505.7   936.0  7998.1 31287.1   8216.2     8172
read      377.6   247.3   148.8   197.3   210.6   327.8   433.1   488.6   522.9   557.7   593.8   641.0   745.4  1790.1  8659.1  27611.8    27652
read      380.0   256.6   148.8   197.4   210.5   323.6   411.8   475.3   520.0   567.8   616.4   675.0   806.0  3412.5  9044.4  37663.0    37594
read      388.9   424.2   148.8   199.1   211.8   338.0   444.6   494.4   525.2   556.4   589.9   635.9   754.4  4846.8 12872.0  24457.8    24367
read      377.1   224.4   148.8   198.4   211.4   324.7   418.7   480.8   522.3   565.4   610.2   664.4   785.8  1488.7  8517.4  33866.6    33771
read      361.7   272.3   148.8   204.4   217.9   324.5   388.5   426.6   456.1   492.9   543.1   623.6   782.4  1958.9  9902.4  84779.8    84944
read      364.4   379.9   148.8   204.4   218.1   322.8   385.0   422.8   452.6   489.9   540.5   619.3   791.9  2651.3 13684.2  85435.0    85666
read      403.3   289.0   148.8   200.9   214.4   329.5   407.3   467.9   519.2   579.5   649.0   785.7  1476.5  2906.1  8447.7  52104.6    51918
read      488.6   469.7   148.8   207.2   223.0   393.4   530.2   616.2   687.1   766.7   861.3  1002.0  1322.4  4992.3 18685.6  34415.4    34406
read      485.8   512.5   148.8   208.1   224.5   404.0   523.8   601.8   662.5   728.4   804.5   933.2  1358.7  5127.4 24285.5  28810.4    28664
read      493.6   536.2   148.8   207.9   223.9   380.8   516.4   604.8   684.0   775.4   886.7  1057.8  1463.2  6185.5 28525.3  37977.2    38289
read      454.2   313.2   160.7   207.5   224.6   410.5   510.0   574.3   620.2   669.2   724.4   803.8  1024.1  2432.4 12513.8  20722.8    20658
read      470.7   521.1   160.7   215.7   233.1   415.3   506.7   562.2   598.3   637.6   688.4   770.8  1237.4  7084.4 28362.3  13857.0    13840
read      749.7   621.8   160.7   281.2   322.6   504.7   649.2   803.9  1346.1  1538.7  1658.7  1799.7  2619.6  3789.4 15621.8  93216.2    93419
read      401.4   220.2   148.8   217.6   235.8   368.9   434.5   475.6   507.7   548.4   605.1   690.5   866.6  1408.8  8487.5  98230.2    98284
read      369.5   186.5   148.8   205.4   219.4   330.4   400.3   445.2   479.5   521.5   575.9   652.3   803.9  1687.2  5423.2  71660.4    71313
read      380.6   209.0   148.8   202.7   216.0   331.9   416.3   475.2   519.6   566.9   617.1   680.4   813.3  1374.6  8063.0  42020.2    42089
read      386.6   224.0   148.8   204.6   218.9   338.6   421.6   478.6   522.9   574.0   628.6   692.8   827.6  1535.7  7892.7  46540.6    46458
read      379.2   216.3   148.8   200.2   213.7   327.9   431.6   491.3   528.4   565.5   606.0   660.5   769.3  1548.6  8898.6  30768.4    30755
read      379.7   198.0   148.8   202.7   216.2   331.8   415.0   473.2   516.8   564.4   617.0   679.9   802.0  1574.4  6777.2  42992.4    42889
read      372.8   259.1   148.8   210.2   225.3   335.1   396.4   434.0   463.3   499.5   548.5   629.5   834.7  2641.9 10347.1  93342.6    93552
read      371.3   186.0   148.8   205.1   219.1   328.1   397.2   441.7   478.8   528.0   591.4   672.3   828.9  1788.3  4967.4  65658.6    65694
read      387.7   252.3   148.8   201.1   214.4   333.6   443.9   502.9   540.4   577.4   617.7   671.4   787.7  1970.4  8403.0  29568.6    29574
read      379.0   212.1   160.7   203.6   217.0   331.0   406.8   461.1   505.2   559.6   620.1   688.7   829.5  1594.8  8248.3  51319.0    51355
read      378.1   234.4   148.8   205.7   219.7   332.9   403.3   448.3   483.9   530.1   590.6   676.7   884.3  2235.6  6126.7  67372.6    67361
read      383.4   293.3   160.7   206.9   221.3   366.9   440.4   472.2   492.8   514.6   542.0   582.5   681.2  4052.6 10421.8  16353.4    16287
read      367.5   191.3   148.8   206.5   220.7   330.3   396.0   435.7   466.8   505.3   558.0   639.9   814.8  1872.4  6484.1  81466.6    81508
read      361.6   213.3   148.8   206.6   221.0   327.3   389.3   426.8   456.1   492.4   540.9   619.2   780.5  1757.9  8481.2  87697.0    87619
read      375.6   217.8   148.8   213.0   228.8   343.2   402.3   438.6   466.7   501.6   547.4   624.8   811.2  2252.9  8151.3  99067.8    99068
read      373.3   221.7   148.8   202.3   215.0   327.7   398.6   447.5   489.2   541.2   602.3   674.4   814.0  1867.0  8827.3  51367.6    51267
read      385.3   407.0   160.7   214.0   229.1   371.1   422.5   447.1   463.3   482.4   504.7   541.6   660.9  6093.2 16422.0  11766.8    11822
read      366.7   253.9   160.7   210.5   225.5   334.3   393.9   429.9   457.8   492.2   538.3   612.2   782.4  1924.8  9805.2  97224.0    97494
read      370.5   204.8   148.8   211.1   226.4   337.4   397.7   433.4   461.8   497.0   543.9   622.8   811.1  2094.2  6567.1  97539.8    97350
read      381.1   237.9   148.8   204.3   217.9   335.9   408.2   456.2   495.8   546.0   608.4   683.5   857.2  2007.8  8943.0  55394.6    55460
read      371.6   219.3   148.8   208.3   222.9   333.6   398.8   438.5   468.9   507.2   559.1   638.0   837.4  2129.1  6310.1  85776.0    85984
read      372.1   282.2   148.8   207.1   221.4   332.7   399.1   439.9   470.9   509.3   562.4   641.5   826.4  2436.9  9926.5  81774.6    82043
read      381.2   276.1   148.8   203.2   216.7   331.7   403.0   453.3   496.0   549.2   611.3   684.1   857.0  3198.1  9788.9  52999.0    52873
read      384.4   269.6   160.7   210.9   225.5   378.0   438.5   466.0   484.7   504.1   530.3   567.7   650.1  3719.9  9521.4  13779.4    13911
read      377.7   254.3   148.8   202.3   215.4   330.4   402.3   453.6   496.3   547.8   607.3   677.6   825.3  2206.4  8680.0  50065.0    49984
read      375.4   342.6   160.7   220.0   236.4   363.8   404.5   425.0   438.2   456.0   475.2   506.4   605.1  4700.5 13633.6   9221.2     9274
read      379.1   283.6   148.8   199.4   212.4   330.8   434.1   487.7   520.4   554.0   591.0   640.1   746.5  2017.9 12413.5  27150.2    27187
read      408.4   419.3   160.7   204.7   218.9   373.2   458.1   497.1   523.9   554.0   594.4   684.3   957.3  4232.5 18458.7  18738.2    18735
read      761.1   643.3   160.7   278.3   313.7   522.2   669.6   802.8  1354.3  1559.6  1695.4  1830.7  2697.2  4216.4 18929.2  86688.0    86505
read      368.2   205.3   148.8   211.6   226.7   336.5   395.6   431.2   459.4   494.4   541.9   620.4   801.8  1777.5  6720.4  92984.0    93039
read      371.0   242.2   148.8   206.0   220.1   330.5   397.7   438.3   470.5   512.0   568.4   651.3   829.9  2353.2  7403.4  76186.4    75999
read      376.5   222.0   148.8   198.2   211.3   322.0   422.6   485.2   524.4   564.2   606.9   660.9   774.2  1822.6  7954.5  32450.4    32324
read      370.6   266.8   148.8   207.5   222.2   331.4   396.7   436.3   467.2   505.2   556.9   636.6   819.3  2157.0  9810.2  83982.4    84255
read      370.1   183.0   160.7   209.2   224.0   334.1   400.1   441.2   471.8   509.7   562.6   640.5   805.1  1582.7  5868.6  82056.0    81759
read      386.0   250.8   148.8   203.5   217.8   332.8   423.0   485.0   527.8   572.0   619.8   679.5   845.0  1741.5  8505.9  37241.0    37291
read      390.7   353.9   148.8   204.2   218.1   334.0   409.1   461.3   505.2   558.2   620.1   699.7  1012.4  2959.1 12705.3  53802.2    53818
read      382.1   271.8   148.8   199.4   212.1   327.6   428.3   487.4   524.2   562.0   604.4   660.1   818.7  3014.5 10238.2  30272.8    30297
read      386.7   260.5   148.8   200.0   212.9   329.8   431.8   492.6   532.1   572.7   617.0   675.9   912.7  2336.3 11783.4  31586.6    31569
read      384.9   309.0   148.8   201.0   214.4   332.2   418.3   477.9   521.8   570.2   620.4   680.5   826.8  2376.0 10076.1  38795.2    38927
read      381.3   403.7   160.7   214.6   230.0   367.9   413.8   436.2   452.2   468.3   492.1   527.8   633.5  6078.9 14306.7  10718.0    10652
read      376.2   387.8   148.8   209.5   224.7   336.3   395.9   432.1   460.9   496.6   545.3   627.2   828.8  4229.9 15087.5  97925.4    98119
read      371.6   205.5   148.8   199.6   212.6   325.3   398.2   451.4   496.1   548.4   606.5   673.9   801.1  1488.4  7950.6  48378.2    48176
read      383.3   285.2   148.8   199.4   212.4   328.2   421.7   483.5   526.0   570.7   617.7   675.0   804.2  2989.8  8243.9  35034.4    34929
read      367.4   188.7   148.8   204.0   217.2   327.4   394.6   436.1   470.6   515.3   573.6   654.8   828.1  1863.3  4519.5  69916.2    69735
read      385.0   295.8   148.8   203.0   216.3   353.5   445.1   486.6   512.4   539.3   572.1   618.9   745.3  3812.4 11350.7  20747.0    20753
read      373.9   245.6   160.7   207.4   221.7   333.6   400.3   441.2   471.5   510.2   564.4   646.5   849.8  2285.2  7982.1  84687.6    84642
read      381.5   299.4   148.8   200.1   213.2   328.2   408.1   466.1   510.5   560.0   613.6   677.3   836.5  3101.0  8780.0  42377.4    42333
read      376.5   242.5   148.8   203.7   216.9   332.9   403.7   449.3   485.8   532.9   592.8   672.6   847.9  2145.0  8154.4  61624.6    61587
read      366.7   225.0   148.8   204.4   218.2   326.8   393.5   433.5   464.9   504.1   557.6   637.7   811.3  2617.7  7349.6  78034.0    77998
read      362.6   256.1   148.8   208.3   223.2   330.6   389.1   424.6   451.9   485.6   531.7   604.4   770.3  2242.0 10555.5  97662.0    97625
read      383.2   281.1   148.8   201.4   213.9   341.2   442.3   490.4   519.9   550.0   585.7   633.3   748.5  3347.1 12222.1  23800.4    23781
read      365.6   217.6   148.8   203.1   215.9   325.2   392.1   433.5   468.0   511.4   571.4   652.3   808.1  1839.5  6204.8  66851.8    66723
read      394.8   463.6   148.8   200.8   213.6   332.3   430.7   489.8   528.8   569.2   613.4   670.6   846.1  6039.4 15586.3  31135.0    31016
read      521.6   670.9   148.8   207.9   223.6   349.9   463.6   564.4   658.6   834.1  1071.4  1354.7  1872.0  8568.0 30917.6  47345.8    47394
read      583.9   526.5   148.8   234.7   263.0   444.3   546.6   620.1   681.5   768.9  1070.1  1653.3  2093.2  4186.4 13069.0  95331.4    95335
read      354.9   394.1   173.5   229.8   252.0   331.2   359.6   373.9   386.0   398.4   417.0   448.8   577.6  7670.0 14606.2   5289.4     5252
read      376.2   235.1   148.8   204.2   217.7   332.0   401.6   445.9   482.2   529.3   589.1   671.6   900.7  2132.9  7926.2  65652.8    65908
read      386.1   324.0   160.7   204.9   218.8   369.9   445.2   478.0   498.9   522.2   548.2   590.0   700.7  3443.3 15376.2  16967.2    16889
read      389.7   338.9   148.8   201.3   214.3   331.3   412.7   471.7   518.5   568.9   623.6   689.6   943.9  3906.9  9566.6  42844.6    42912
read      374.7   326.0   148.8   211.6   227.1   338.6   397.2   433.4   462.7   498.3   545.6   624.4   806.5  2613.1 13467.5  99864.2    99898
read      389.0   370.9   160.7   199.5   212.4   335.7   443.0   496.3   529.2   562.8   599.4   648.8   779.6  4269.6 12784.9  26462.6    26385
read      383.3   263.7   148.8   202.3   215.2   345.3   449.4   496.2   524.9   553.7   587.0   633.6   739.1  1429.5 10981.0  22674.4    22616
read      388.4   334.1   148.8   203.8   217.2   336.4   410.7   462.0   505.0   557.4   618.1   691.2   903.6  2748.1 12874.5  50691.6    50605
read      367.3   201.5   148.8   208.1   222.7   331.4   394.1   431.9   462.4   500.4   550.1   631.7   825.2  1954.2  5068.0  90251.2    90283
read      393.7   478.9   148.8   201.7   214.1   336.8   444.1   496.8   529.4   563.4   601.2   651.2   800.2  5244.0 26460.7  26135.2    26273
read      378.6   212.9   160.7   202.5   215.5   331.5   404.5   457.6   502.0   555.8   615.1   685.2   844.5  1803.9  7978.5  48665.4    48521
read      387.7   268.3   148.8   200.7   213.8   333.0   428.4   491.2   534.0   577.8   623.2   680.9   819.9  2903.2  8465.9  33977.8    34058
read      374.8   317.3   148.8   205.7   219.6   331.7   399.3   440.7   473.1   515.7   572.5   653.4   837.8  2891.3 14894.6  75664.6    75648
read      385.9   322.2   148.8   203.4   216.3   358.9   444.0   482.6   506.5   532.8   563.2   607.3   744.7  3703.4 15408.1  19430.6    19482
read      388.4   315.4   160.7   208.3   222.9   376.6   443.5   473.6   493.5   514.5   540.8   581.1   684.9  4521.2 14156.5  14884.8    15054
read      387.4   430.2   148.8   206.3   220.4   335.1   404.3   447.1   479.4   521.1   578.3   665.6   924.9  5580.6 13782.6  75735.2    75754
read      350.2   323.0   160.7   231.2   252.3   328.8   356.8   371.3   383.1   396.4   415.0   449.7   592.4  5480.5 12341.3   5201.0     5187
read      384.9   331.0   160.7   205.6   219.2   364.4   441.5   475.5   497.9   522.3   549.0   591.3   706.9  4197.8 15302.9  17605.2    17656
read      364.1   247.7   148.8   207.8   222.4   331.1   391.1   427.0   454.9   489.9   537.6   613.7   782.6  2218.3  8870.1  96095.4    96343
read      379.9   253.9   148.8   198.2   211.4   325.7   417.1   477.9   520.4   564.3   611.7   673.0   857.3  2304.0  7851.4  36682.8    36665
read      374.9   316.5   148.8   207.0   221.5   331.1   396.4   436.8   469.1   508.6   561.9   644.0   867.7  3096.8 10720.0  85228.0    85269
read      524.9   791.7   148.8   207.6   223.2   379.7   524.4   620.8   709.2   819.2   935.5  1106.5  1664.4 11741.6 32003.1  31624.0    31525
read      504.2   513.4   148.8   211.2   227.7   341.3   434.0   524.0   615.8   821.4  1092.5  1430.7  1922.2  4073.6 15136.6  61762.4    61798
read      374.9   329.0   160.7   209.2   223.8   364.1   416.3   441.2   457.8   475.5   499.4   536.0   637.0  4510.4 17014.0  12285.6    12253
read      375.4   286.4   148.8   197.9   210.7   326.5   433.2   484.5   515.9   546.9   581.2   626.8   734.1  2408.9 12972.2  25781.8    25710
read      368.6   332.2   148.8   204.3   217.5   325.3   390.7   430.3   461.8   501.3   554.6   636.3   818.7  3274.7 14314.0  79723.2    79937
read      362.8   368.9   160.7   221.7   240.6   348.2   382.5   399.4   412.1   426.7   445.5   476.5   582.0  5297.0 14836.8   7227.0     7271
read      367.9   336.9   148.8   205.1   219.1   324.8   386.3   424.1   453.9   491.7   543.1   626.6   831.9  3757.4 10950.4  85797.6    85861
read      362.8   242.6   148.8   206.2   220.5   327.0   387.0   424.1   453.1   488.9   536.7   613.9   806.6  1955.1 10690.5  91598.8    91467
read      368.7   374.7   148.8   202.8   215.2   323.3   390.6   431.3   464.8   507.7   568.0   648.1   803.6  2535.3 14562.7  72204.8    72217
read      382.7   244.6   148.8   198.4   211.5   326.8   434.8   496.5   535.6   574.7   616.1   669.9   800.3  1553.2 10565.3  30954.4    31080
read      372.9   340.7   148.8   204.5   218.3   327.5   393.9   434.5   466.4   506.5   562.3   645.4   843.3  3412.7 10722.6  76823.0    76878
read      360.4   209.7   148.8   205.3   219.1   324.0   387.2   425.2   454.6   491.6   542.0   623.3   783.4  2069.1  7414.6  84615.6    84584
read      405.9   677.8   160.7   211.6   226.8   372.1   428.6   454.7   471.1   491.4   513.4   548.5   772.7  9005.2 35945.9  12499.6    12492
read      374.0   245.4   148.8   203.4   216.4   329.2   399.0   445.8   486.4   538.9   602.0   674.8   800.7  1879.5  8124.7  57009.4    57106
read      368.1   291.6   148.8   208.1   222.9   330.9   390.5   426.2   454.1   489.0   536.7   615.0   803.6  3191.3  9461.9  96142.0    96245
read      366.0   339.9   173.5   227.4   248.5   353.4   386.0   401.7   414.7   429.1   448.5   476.7   581.6  5301.9 13503.2   6863.0     6791
read      362.9   227.9   148.8   205.7   220.0   325.2   386.9   424.1   453.1   489.6   539.0   619.0   828.6  2162.3  7652.8  90653.0    90728
read      372.6   633.0   173.5   236.2   259.6   340.7   369.5   385.8   396.9   410.7   431.2   466.0   700.9  6787.0 36462.0   5147.8     5151
read      378.7   350.9   148.8   205.5   219.7   328.4   393.2   432.4   463.5   503.0   559.0   648.5  1207.8  3838.7 10668.6  82639.6    82969
read      383.0   339.4   148.8   200.4   213.6   328.8   409.7   470.8   518.9   569.7   622.8   683.5   802.6  2285.7 12896.5  42726.2    42635
read      369.0   322.0   148.8   209.2   224.5   332.4   391.5   427.2   454.9   489.1   536.1   613.1   806.3  2538.7 13177.4  99369.0    99337
read      360.7   216.1   148.8   207.1   221.8   327.5   386.5   421.6   448.8   482.9   530.3   605.7   771.2  2702.6  6327.8  95143.4    95192
read      375.0   350.5   148.8   203.9   217.2   326.5   393.6   435.4   470.4   517.9   580.4   663.7   862.7  2834.9 14593.4  69359.4    69200
read      376.8   216.3   148.8   201.6   214.8   326.8   402.6   459.0   505.2   560.9   620.5   686.7   806.5  1743.7  6587.1  49512.6    49459
read      392.9   339.5   160.7   200.0   213.1   328.8   446.3   508.5   545.4   581.7   621.0   673.5   828.3  3866.6 13786.2  29261.0    29055
read      370.9   255.9   148.8   203.8   217.4   324.9   392.9   436.6   474.5   525.8   590.5   670.7   813.0  2001.7  7978.1  64457.8    64324
read      393.1   709.4   173.5   238.0   261.2   355.3   386.2   401.9   414.5   428.1   446.7   478.7   634.1  8597.4 31661.0   5733.2     5705
read      748.4   698.5   148.8   229.9   259.5   444.5   566.3  1269.4  1480.8  1596.2  1699.8  1838.0  2723.5  4802.2 16191.2  84622.8    84816
read      442.0   457.0   148.8   203.7   217.6   356.8   469.7   524.2   558.0   594.3   640.4   836.5  1690.1  6851.9 14345.3  23609.8    23714
read      362.9   250.0   148.8   204.3   217.9   321.3   386.0   427.0   460.1   503.6   565.7   646.8   786.3  2028.6  8468.1  73855.4    74116
read      407.9   420.9   160.7   203.9   218.2   368.1   466.0   506.1   531.1   557.6   588.7   634.6   829.7  5343.1 17675.4  19852.6    19948
read      377.9   197.8   148.8   201.0   214.2   326.7   408.0   468.4   516.7   569.5   622.4   684.2   801.8  1641.0  6844.5  44066.8    44213
read      393.0   293.1   148.8   204.5   218.2   369.1   461.6   501.3   526.0   550.7   582.1   626.3   730.3  2948.4 12276.2  19360.0    19454
read      383.4   352.3   173.5   230.1   252.3   372.0   406.7   426.0   438.4   455.3   472.6   506.7   602.9  4998.8 14382.6   7223.0     7190
read      383.6   324.5   148.8   201.4   214.9   328.8   407.2   464.7   512.6   567.1   624.4   690.8   836.3  2155.5 13050.1  47740.0    47657
read      379.3   235.4   148.8   200.2   213.5   324.4   405.1   469.6   520.7   575.0   628.6   689.7   807.4  1596.2  8747.6  44524.2    44399
read      392.7   621.2   173.5   234.1   257.9   367.1   399.8   417.9   429.9   445.0   464.2   497.2   594.0  6875.9 31997.8   6437.0     6481
read      375.5   477.0   173.5   235.7   258.1   355.6   386.2   401.7   414.3   427.9   445.7   471.6   586.6  6025.6 27964.5   5784.2     5807
read      373.1   323.0   148.8   207.4   221.8   327.1   390.7   430.8   462.5   503.2   559.8   644.0   868.1  2901.1 11052.4  82901.6    83137
read      388.5   408.2   160.7   222.2   240.0   376.2   419.5   440.5   456.2   471.9   496.0   533.0   633.9  5013.7 20853.1   9564.2     9580
read      384.4   323.4   148.8   198.0   211.5   324.1   420.7   488.6   534.0   579.0   624.5   681.0   802.1  2654.4 10765.6  37250.2    37385
read      388.8   248.4   148.8   200.1   213.3   329.0   437.3   505.7   548.6   590.6   633.2   687.7   806.0  1761.0  9602.0  33714.4    33706
read      396.0   434.5   148.8   199.5   212.7   325.9   429.1   497.1   540.7   586.5   632.3   689.0   896.2  5319.1 21201.8  35138.8    35204
read      373.9   197.6   148.8   201.0   214.1   322.4   397.7   455.5   505.4   563.0   621.6   688.1   807.3  1555.3  5232.8  50482.6    50438
read      385.8   334.3   148.8   202.6   215.9   327.3   404.7   463.8   512.9   570.4   630.2   697.8   872.6  2524.1 10667.7  48921.4    48878
read      381.9   248.7   148.8   200.9   213.9   326.3   410.9   476.8   528.5   582.2   634.6   693.0   801.8  1458.3 10937.9  42660.2    42682
read      391.5   301.1   148.8   200.5   213.8   334.3   450.8   509.3   543.2   577.7   615.3   665.2   782.1  3713.6 11702.1  27480.8    27416
read      370.9   203.9   148.8   204.4   218.0   324.4   392.9   438.3   478.0   529.8   596.7   676.0   827.5  1935.4  6425.7  64442.4    64424
read      493.3   418.2   148.8   215.8   232.7   352.0   450.8   537.6   619.4   761.3   992.4  1321.6  1861.6  3119.4 10161.2  64416.8    64364
read      390.2   597.8   173.5   240.6   265.0   356.8   387.9   403.3   416.5   430.3   450.6   484.9   661.3 10465.4 26055.8   5541.0     5481
read      393.0   274.1   160.7   203.1   216.6   342.5   457.6   510.8   542.7   575.0   610.7   658.4   747.2  3416.3 12428.4  26151.6    26227
read      402.4   223.3   160.7   206.9   221.7   357.2   467.1   521.8   556.2   591.6   631.6   686.2   804.6  1666.3  9361.1  26635.4    26586
read      362.4   222.8   148.8   206.7   221.0   324.6   386.4   425.0   455.6   493.7   544.2   624.3   800.9  2037.8  8133.1  86140.0    86286
read      383.2   223.2   148.8   201.3   215.0   343.2   454.3   501.1   528.6   556.2   586.7   629.6   718.4  1181.4  8118.7  24339.2    24452
read      379.2   194.9   148.8   200.2   213.9   333.3   449.7   501.6   531.0   560.4   591.1   633.6   715.3  1026.7  8083.3  26741.6    26832
read      378.1   250.6   148.8   198.1   211.8   326.8   439.6   497.7   530.6   562.6   595.4   637.6   727.3  1353.1 12117.0  29689.0    29795
read      370.8   239.3   148.8   199.2   212.7   318.4   398.2   462.4   512.4   562.0   611.5   669.7   764.9  1187.8  9822.2  46268.8    46224
read      350.0   170.6   148.8   205.0   218.7   317.2   375.6   412.4   440.9   477.7   529.6   605.7   737.8  1392.6  4057.4  84659.6    84587
read      358.9   191.6   148.8   202.6   215.4   317.0   381.7   427.6   467.2   518.8   578.4   645.2   745.9  1291.4  6416.9  63477.8    63389
read      367.1   203.0   148.8   199.3   212.6   318.6   393.9   455.9   504.9   556.0   605.5   661.8   747.1  1063.4  7652.0  46927.2    46953
read      350.2   167.4   148.8   206.3   220.4   320.0   377.0   412.0   438.8   473.7   520.9   591.9   727.1  1191.4  4727.1  90377.6    90536
read      385.4   254.4   160.7   217.7   233.5   384.1   436.9   460.7   476.3   494.3   514.0   545.1   623.7  3201.5 12386.6  12425.6    12508
read      374.0   248.7   148.8   198.7   212.0   318.4   411.1   479.4   523.1   564.7   606.4   656.8   744.6  1514.8 10164.7  38556.8    38491
read      349.9   143.0   148.8   208.2   222.9   322.5   378.3   412.1   438.0   470.3   513.6   582.4   718.2  1076.4  3989.4  97813.8    97806
read      389.4   329.1   160.7   218.7   233.9   384.6   434.0   456.7   471.0   489.6   508.5   543.5   630.2  4421.5 12699.7  11807.4    11813
read      374.2   253.2   148.8   198.3   211.8   318.8   408.2   478.7   523.8   568.0   611.8   663.8   747.2  1649.3 11983.3  39747.2    39665
read      361.5   183.5   148.8   199.9   213.1   316.6   384.9   436.6   483.8   538.2   594.1   654.5   743.5  1123.3  6686.2  53646.0    53571
read      358.6   193.8   148.8   202.7   215.5   317.3   382.8   427.4   465.1   515.2   574.9   640.7   744.0  1221.4  7605.7  63392.2    63215
read      354.5   171.0   148.8   204.8   218.7   319.0   382.3   422.8   454.4   493.6   544.6   620.6   742.8  1011.7  6549.6  78630.0    78767
read      392.0   398.6   160.7   228.9   249.5   380.6   418.6   437.3   451.6   465.9   486.6   515.1   595.1  7032.2 14345.1   8580.6     8615
read      359.9   195.0   148.8   203.6   216.8   319.8   385.5   428.6   464.1   510.1   567.8   639.0   761.3  1527.0  5842.0  67707.2    67903
read      394.0   275.7   148.8   209.5   225.1   388.1   458.8   488.3   506.4   527.7   549.7   587.7   667.9  4242.9 11001.9  16348.0    16398
read      363.9   199.4   148.8   200.4   213.7   317.5   387.9   439.5   484.8   538.6   593.2   654.7   752.9  1312.2  7549.4  53521.4    53434
read      371.5   213.8   148.8   197.5   210.8   319.3   410.0   477.9   521.1   562.3   603.8   655.2   744.7  1176.1  9485.9  38130.2    38068
read      389.4   471.9   160.7   226.3   244.6   372.3   412.7   431.9   445.8   461.3   480.7   509.2   591.7  7962.8 20064.5   9136.2     9130
read      356.3   171.8   148.8   202.9   215.8   317.0   381.5   424.3   459.5   505.3   563.1   635.1   748.7  1339.3  5367.1  69038.0    69227

Total QPS = 49307.9 (44377100 / 900.0s)

Total connections = 64
Misses = 0 (0.0%)
Skipped TXs = 0 (0.0%)

RX 10961143700 bytes :   11.6 MB/s
TX          0 bytes :    0.0 MB/s
Warning! Detected max cpu usage > 95%
CPU Usage Stats (avg/min/max): 99.97%,48.99%,100.00%