1715520321.244339: [0.0, 0.0, 0.0, 0.0]
1715520321.494917: [3.8, 0.0, 0.0, 0.0]
1715520321.745482: [3.8, 0.0, 0.0, 0.0]
1715520321.996016: [0.0, 0.0, 4.0, 0.0]
1715520322.246608: [0.0, 0.0, 0.0, 0.0]
1715520322.497158: [0.0, 0.0, 0.0, 0.0]
1715520322.747733: [0.0, 0.0, 0.0, 0.0]
1715520322.998309: [0.0, 0.0, 0.0, 0.0]
1715520323.248897: [0.0, 0.0, 3.8, 3.8]
1715520323.499458: [0.0, 0.0, 0.0, 0.0]
1715520323.750045: [0.0, 3.8, 0.0, 0.0]
1715520324.000607: [0.0, 0.0, 0.0, 3.8]
1715520324.251167: [0.0, 3.8, 0.0, 0.0]
1715520324.501698: [0.0, 0.0, 0.0, 0.0]
1715520324.752218: [0.0, 3.8, 0.0, 0.0]
1715520325.002721: [7.4, 0.0, 3.8, 4.0]
1715520325.253242: [29.0, 4.0, 3.8, 0.0]
1715520325.503788: [17.9, 0.0, 0.0, 0.0]
1715520325.754322: [30.3, 0.0, 0.0, 0.0]
1715520326.004863: [20.7, 4.0, 7.7, 3.8]
1715520326.255482: [25.8, 3.8, 3.8, 4.0]
1715520326.506039: [26.7, 0.0, 4.0, 3.8]
1715520326.756582: [28.1, 3.8, 0.0, 0.0]
1715520327.0071: [30.3, 11.1, 7.7, 4.0]
1715520327.257647: [32.4, 10.7, 4.0, 7.4]
1715520327.508174: [23.3, 4.0, 3.8, 7.7]
1715520327.758758: [33.3, 3.8, 7.7, 3.8]
1715520328.009284: [37.1, 14.3, 4.0, 0.0]
1715520328.259869: [25.8, 3.8, 0.0, 4.0]
1715520328.510445: [36.1, 4.0, 4.0, 3.8]
1715520328.761012: [33.3, 3.8, 4.0, 0.0]
1715520329.011601: [32.4, 11.1, 7.7, 7.7]
1715520329.262132: [29.0, 0.0, 3.8, 0.0]
1715520329.512669: [32.4, 7.7, 0.0, 4.0]
1715520329.763229: [28.1, 3.8, 7.7, 0.0]
1715520330.013768: [28.1, 4.0, 0.0, 0.0]
1715520330.264397: [0.0, 3.8, 0.0, 4.0]
1715520330.51504: [0.0, 0.0, 0.0, 0.0]
1715520330.765654: [3.8, 0.0, 0.0, 0.0]
1715520331.016219: [0.0, 0.0, 0.0, 3.8]
1715520331.266842: [0.0, 0.0, 0.0, 0.0]
1715520331.517482: [0.0, 3.8, 0.0, 0.0]
1715520331.768076: [0.0, 0.0, 0.0, 3.8]
1715520332.018664: [12.0, 7.7, 0.0, 4.0]
1715520332.269228: [34.4, 7.7, 3.8, 0.0]
1715520332.519785: [26.7, 4.0, 0.0, 0.0]
1715520332.770418: [22.2, 0.0, 0.0, 0.0]
1715520333.020952: [29.0, 14.3, 3.8, 0.0]
1715520333.271667: [34.4, 7.4, 4.0, 7.7]
1715520333.52223: [30.0, 7.7, 4.0, 0.0]
1715520333.772772: [21.4, 4.0, 4.0, 7.7]
1715520334.023315: [27.6, 0.0, 7.7, 0.0]
1715520334.273932: [30.0, 4.0, 0.0, 0.0]
1715520334.524464: [24.1, 0.0, 0.0, 4.0]
1715520334.774983: [22.2, 4.0, 0.0, 7.7]
1715520335.025528: [34.4, 3.8, 7.7, 0.0]
1715520335.276072: [34.4, 7.7, 0.0, 0.0]
1715520335.526718: [29.0, 4.2, 7.7, 4.0]
1715520335.777252: [22.2, 11.1, 0.0, 0.0]
1715520336.027886: [37.5, 7.7, 0.0, 0.0]
1715520336.278476: [25.0, 4.0, 4.0, 0.0]
1715520336.52903: [25.0, 4.0, 0.0, 4.0]
1715520336.779659: [25.0, 0.0, 0.0, 0.0]
1715520337.030197: [11.5, 3.8, 4.0, 0.0]
1715520337.280741: [0.0, 0.0, 0.0, 0.0]
1715520337.531313: [0.0, 0.0, 0.0, 0.0]
1715520337.781859: [0.0, 0.0, 0.0, 3.8]
1715520338.032392: [0.0, 0.0, 0.0, 0.0]
1715520338.282973: [0.0, 0.0, 0.0, 0.0]
1715520338.533529: [0.0, 0.0, 0.0, 0.0]
1715520338.7841: [8.3, 4.0, 4.0, 8.0]
1715520339.034664: [26.9, 11.1, 4.0, 0.0]
1715520339.285198: [25.9, 0.0, 4.0, 0.0]
1715520339.535746: [29.6, 7.4, 8.0, 4.0]
1715520339.786285: [28.6, 4.0, 0.0, 7.7]
1715520340.036816: [34.5, 4.0, 4.2, 0.0]
1715520340.2875: [23.1, 4.0, 0.0, 0.0]
1715520340.53805: [17.4, 0.0, 0.0, 0.0]
1715520340.788598: [23.1, 0.0, 4.0, 0.0]
1715520341.039137: [24.0, 4.0, 0.0, 0.0]
1715520341.289674: [23.1, 4.0, 0.0, 0.0]
1715520341.540217: [29.6, 4.0, 0.0, 0.0]
1715520341.790775: [26.9, 0.0, 4.2, 4.2]
1715520342.041296: [23.1, 4.0, 0.0, 0.0]
1715520342.291847: [29.6, 4.0, 0.0, 4.0]
1715520342.542381: [16.7, 3.8, 0.0, 0.0]
1715520342.79291: [20.8, 7.7, 4.0, 0.0]
1715520343.043539: [31.0, 11.1, 0.0, 0.0]
1715520343.294084: [20.8, 4.0, 0.0, 0.0]
1715520343.54461: [25.9, 0.0, 4.0, 4.0]
1715520343.795127: [12.5, 3.8, 0.0, 4.0]
1715520344.045713: [3.8, 0.0, 0.0, 3.8]
1715520344.296289: [0.0, 0.0, 3.8, 0.0]
1715520344.546855: [0.0, 0.0, 0.0, 0.0]
1715520344.797436: [0.0, 0.0, 0.0, 0.0]
1715520345.047998: [3.8, 0.0, 0.0, 0.0]
1715520345.298571: [0.0, 0.0, 0.0, 0.0]
1715520345.548867: [4.2, 0.0, 0.0, 4.0]
1715520345.799537: [25.0, 7.7, 0.0, 7.7]
1715520346.050055: [28.0, 4.2, 0.0, 0.0]
1715520346.300673: [21.7, 0.0, 0.0, 0.0]
1715520346.551241: [25.0, 8.0, 4.2, 4.0]
1715520346.801775: [37.0, 0.0, 0.0, 0.0]
1715520347.052348: [33.3, 8.0, 4.2, 0.0]
1715520347.302726: [35.7, 7.7, 0.0, 0.0]
1715520347.553255: [29.2, 8.0, 8.0, 0.0]
1715520347.803814: [33.3, 4.0, 4.2, 4.0]
1715520348.054414: [28.0, 7.7, 4.2, 4.0]
1715520348.304989: [33.3, 8.0, 4.2, 0.0]
1715520348.555604: [32.0, 7.7, 0.0, 4.0]
1715520348.806134: [30.8, 4.2, 8.3, 4.0]
1715520349.05666: [18.2, 4.2, 0.0, 4.0]
1715520349.307202: [25.0, 0.0, 4.0, 4.0]
1715520349.557725: [34.6, 14.3, 0.0, 0.0]
1715520349.808307: [33.3, 0.0, 0.0, 7.7]
1715520350.058774: [30.8, 4.0, 4.2, 4.0]
1715520350.309296: [30.8, 0.0, 4.2, 0.0]
1715520350.559853: [26.9, 4.0, 4.0, 0.0]
1715520350.810451: [0.0, 0.0, 0.0, 0.0]
1715520351.061076: [3.8, 4.0, 0.0, 4.0]
1715520351.311673: [0.0, 0.0, 0.0, 0.0]
1715520351.562234: [0.0, 0.0, 0.0, 0.0]
1715520351.812819: [3.8, 0.0, 0.0, 0.0]
1715520352.063386: [0.0, 0.0, 0.0, 0.0]
1715520352.313936: [0.0, 0.0, 0.0, 0.0]
1715520352.564558: [25.0, 0.0, 0.0, 0.0]
1715520352.815064: [30.4, 0.0, 8.0, 0.0]
1715520353.065602: [26.1, 4.0, 4.3, 4.2]
1715520353.316251: [30.4, 4.2, 4.2, 4.2]
1715520353.566756: [27.3, 7.7, 4.2, 7.7]
1715520353.817293: [26.1, 4.2, 0.0, 0.0]
1715520354.067869: [27.3, 11.1, 0.0, 4.0]
1715520354.318446: [26.1, 0.0, 0.0, 0.0]
1715520354.569048: [38.5, 0.0, 4.2, 7.7]
1715520354.81975: [23.8, 4.0, 0.0, 0.0]
1715520355.070301: [30.4, 4.2, 8.0, 0.0]
1715520355.320833: [32.0, 4.0, 0.0, 0.0]
1715520355.571548: [31.8, 8.0, 0.0, 11.1]
1715520355.822073: [29.2, 4.0, 4.2, 0.0]
1715520356.072666: [23.8, 7.7, 8.0, 0.0]
1715520356.323183: [22.7, 8.0, 0.0, 0.0]
1715520356.57369: [33.3, 0.0, 4.3, 4.0]
1715520356.824384: [15.0, 0.0, 0.0, 0.0]
1715520357.074722: [30.4, 4.0, 0.0, 0.0]
1715520357.325239: [20.0, 4.0, 4.2, 0.0]
1715520357.575763: [8.0, 0.0, 0.0, 7.4]
1715520357.826294: [0.0, 0.0, 0.0, 0.0]
1715520358.076823: [0.0, 0.0, 0.0, 0.0]
1715520358.327359: [3.8, 0.0, 0.0, 0.0]
1715520358.577912: [0.0, 0.0, 0.0, 0.0]
1715520358.828485: [3.8, 0.0, 4.0, 0.0]
1715520359.07904: [4.0, 0.0, 0.0, 0.0]
1715520359.329578: [16.7, 4.0, 4.0, 0.0]
1715520359.580158: [28.6, 4.2, 8.0, 0.0]
1715520359.830717: [28.6, 0.0, 0.0, 0.0]
1715520360.081248: [21.1, 0.0, 0.0, 8.0]
1715520360.331859: [31.8, 4.2, 0.0, 0.0]
1715520360.582454: [21.1, 4.2, 0.0, 4.2]
1715520360.832994: [42.3, 11.5, 4.2, 4.2]
1715520361.083618: [42.3, 4.2, 4.2, 4.2]
1715520361.33415: [28.6, 0.0, 12.0, 0.0]
1715520361.584719: [31.8, 14.8, 0.0, 0.0]
1715520361.835244: [34.8, 4.2, 0.0, 0.0]
1715520362.085786: [28.6, 0.0, 0.0, 0.0]
1715520362.336439: [34.8, 4.2, 0.0, 0.0]
1715520362.58676: [28.6, 4.2, 4.2, 0.0]
1715520362.837296: [37.5, 11.5, 4.2, 4.2]
1715520363.087932: [28.6, 4.2, 11.5, 4.2]
1715520363.338474: [31.8, 0.0, 0.0, 0.0]
1715520363.589058: [25.0, 4.2, 4.3, 0.0]
1715520363.839671: [28.6, 0.0, 11.5, 4.2]
1715520364.090246: [31.8, 14.8, 8.0, 0.0]
1715520364.340781: [9.1, 0.0, 0.0, 0.0]
1715520364.591344: [0.0, 0.0, 0.0, 0.0]
1715520364.841922: [0.0, 0.0, 0.0, 0.0]
1715520365.092493: [4.0, 0.0, 0.0, 0.0]
1715520365.343034: [0.0, 0.0, 0.0, 0.0]
1715520365.593554: [0.0, 3.8, 0.0, 4.0]
1715520365.844104: [0.0, 0.0, 0.0, 0.0]
1715520366.0947: [8.7, 7.7, 4.0, 0.0]
1715520366.34526: [41.7, 8.0, 4.2, 4.2]
1715520366.595825: [38.1, 4.3, 8.0, 0.0]
1715520366.846424: [41.7, 4.2, 0.0, 0.0]
1715520367.097051: [38.1, 21.4, 4.2, 4.2]
1715520367.347698: [31.6, 4.2, 4.2, 0.0]
1715520367.598215: [39.1, 4.3, 4.3, 4.3]
1715520367.848849: [31.6, 0.0, 0.0, 0.0]
1715520368.099484: [30.0, 4.2, 8.0, 0.0]
1715520368.350005: [35.0, 4.3, 0.0, 4.2]
1715520368.600629: [35.0, 8.3, 8.3, 4.3]
1715520368.851169: [33.3, 0.0, 4.2, 0.0]
1715520369.101712: [38.1, 11.5, 4.2, 4.2]
1715520369.352406: [27.8, 0.0, 0.0, 0.0]
1715520369.602712: [27.8, 8.0, 4.2, 0.0]
1715520369.853269: [36.4, 4.3, 4.2, 0.0]
1715520370.103858: [35.0, 0.0, 11.5, 0.0]
1715520370.354454: [26.3, 8.3, 4.2, 0.0]
1715520370.605077: [27.8, 4.2, 4.2, 0.0]
1715520370.855699: [22.2, 0.0, 0.0, 0.0]
1715520371.106235: [23.8, 4.2, 4.2, 0.0]
1715520371.356833: [0.0, 3.8, 0.0, 0.0]
1715520371.607365: [0.0, 0.0, 0.0, 0.0]
1715520371.85795: [0.0, 0.0, 0.0, 0.0]
1715520372.108544: [0.0, 0.0, 0.0, 0.0]
1715520372.359084: [0.0, 0.0, 0.0, 0.0]
1715520372.609621: [0.0, 0.0, 0.0, 0.0]
1715520372.86022: [4.2, 3.8, 0.0, 0.0]
1715520373.110746: [36.8, 18.5, 4.3, 0.0]
1715520373.361438: [36.8, 20.7, 4.3, 4.3]
1715520373.612055: [50.0, 20.7, 8.3, 4.3]
1715520373.862637: [40.0, 14.8, 4.3, 4.3]
1715520374.113251: [45.5, 4.2, 12.0, 0.0]
1715520374.363835: [45.8, 4.2, 0.0, 4.3]
1715520374.614366: [40.0, 4.2, 4.3, 4.3]
1715520374.865003: [45.5, 4.2, 0.0, 0.0]
1715520375.115645: [40.0, 11.5, 0.0, 0.0]
1715520375.36617: [36.8, 4.2, 4.3, 0.0]
1715520375.616745: [35.3, 8.3, 13.0, 4.3]
1715520375.867093: [33.3, 0.0, 12.0, 0.0]
1715520376.117741: [40.0, 18.5, 8.3, 4.3]
1715520376.368412: [33.3, 8.0, 0.0, 0.0]
1715520376.618749: [33.3, 8.0, 4.3, 0.0]
1715520376.869374: [25.0, 4.2, 0.0, 0.0]
1715520377.120122: [52.2, 4.2, 12.0, 4.3]
1715520377.370697: [29.4, 11.5, 0.0, 0.0]
1715520377.621312: [36.8, 11.5, 4.3, 0.0]
1715520377.871857: [39.1, 4.2, 0.0, 0.0]
1715520378.122415: [0.0, 0.0, 0.0, 0.0]
1715520378.372987: [0.0, 0.0, 0.0, 3.8]
1715520378.623499: [0.0, 4.2, 0.0, 0.0]
1715520378.874106: [0.0, 0.0, 0.0, 0.0]
1715520379.124702: [0.0, 3.8, 0.0, 0.0]
1715520379.375227: [0.0, 0.0, 0.0, 0.0]
1715520379.625753: [4.0, 0.0, 0.0, 4.0]
1715520379.876436: [52.4, 4.2, 4.2, 4.3]
1715520380.126741: [54.5, 11.5, 12.0, 8.7]
1715520380.377426: [57.1, 8.3, 15.4, 8.7]
1715520380.628108: [52.4, 0.0, 0.0, 0.0]
1715520380.878742: [56.5, 14.8, 11.5, 4.5]
1715520381.129355: [50.0, 4.2, 8.3, 8.3]
1715520381.380099: [54.5, 11.5, 12.0, 0.0]
1715520381.630696: [58.3, 8.0, 20.7, 0.0]
1715520381.881353: [50.0, 0.0, 4.3, 8.3]
1715520382.132056: [56.5, 0.0, 12.0, 12.5]
1715520382.382727: [52.4, 8.0, 4.2, 0.0]
1715520382.633414: [50.0, 8.0, 0.0, 0.0]
1715520382.884129: [52.4, 0.0, 4.2, 4.3]
1715520383.134703: [52.4, 8.0, 4.3, 4.5]
1715520383.385367: [47.4, 11.5, 8.3, 8.3]
1715520383.636014: [61.5, 4.3, 8.3, 8.3]
1715520383.886656: [52.4, 11.5, 11.5, 0.0]
1715520384.137294: [52.4, 8.0, 15.4, 8.3]
1715520384.387952: [47.4, 0.0, 4.2, 0.0]
1715520384.638584: [44.4, 0.0, 0.0, 4.3]
1715520384.889108: [4.0, 3.8, 0.0, 0.0]
1715520385.139647: [0.0, 0.0, 0.0, 0.0]
1715520385.390182: [0.0, 3.8, 3.8, 0.0]
1715520385.640713: [0.0, 4.0, 0.0, 0.0]
1715520385.891297: [0.0, 0.0, 0.0, 0.0]
1715520386.141857: [3.8, 0.0, 7.4, 0.0]
1715520386.392394: [0.0, 0.0, 0.0, 0.0]
1715520386.642839: [38.1, 4.3, 0.0, 0.0]
1715520386.893455: [55.0, 0.0, 8.3, 8.7]
1715520387.144208: [57.9, 12.0, 8.3, 8.3]
1715520387.394791: [55.0, 4.5, 8.3, 4.3]
1715520387.645384: [57.1, 8.7, 17.9, 4.5]
1715520387.896042: [52.6, 4.5, 4.5, 4.3]
1715520388.146698: [52.6, 21.4, 8.0, 8.3]
1715520388.397417: [57.9, 12.5, 4.3, 8.3]
1715520388.648034: [55.0, 12.5, 8.7, 4.5]
1715520388.898695: [55.0, 8.7, 8.3, 4.3]
1715520389.149443: [61.9, 12.5, 4.3, 4.5]
1715520389.400105: [55.0, 0.0, 17.9, 4.3]
1715520389.650754: [55.0, 12.5, 12.0, 4.3]
1715520389.901421: [35.7, 4.5, 0.0, 4.5]
1715520390.152111: [60.0, 4.3, 0.0, 0.0]
1715520390.402789: [60.9, 4.5, 4.3, 4.3]
1715520390.653475: [55.0, 8.7, 4.3, 0.0]
1715520390.904158: [47.1, 8.3, 4.2, 8.3]
1715520391.154801: [57.1, 16.0, 4.3, 0.0]
1715520391.405457: [57.1, 8.7, 8.3, 4.3]
1715520391.656073: [16.7, 0.0, 0.0, 0.0]
1715520391.90665: [0.0, 0.0, 0.0, 0.0]
1715520392.157238: [0.0, 0.0, 0.0, 0.0]
1715520392.407773: [0.0, 0.0, 0.0, 0.0]
1715520392.658324: [0.0, 0.0, 0.0, 0.0]
1715520392.908873: [0.0, 3.8, 0.0, 0.0]
1715520393.159432: [0.0, 0.0, 0.0, 0.0]
1715520393.410071: [33.3, 8.3, 0.0, 0.0]
1715520393.660755: [69.6, 16.0, 8.0, 4.3]
1715520393.911305: [65.0, 12.5, 0.0, 8.7]
1715520394.162013: [69.6, 9.1, 0.0, 8.3]
1715520394.412659: [65.0, 8.7, 8.0, 4.3]
1715520394.663222: [68.2, 8.7, 4.2, 8.3]
1715520394.91386: [63.2, 8.7, 0.0, 8.7]
1715520395.164513: [63.2, 8.7, 17.9, 8.3]
1715520395.415098: [68.2, 16.7, 8.3, 4.3]
1715520395.665705: [65.0, 12.5, 15.4, 8.7]
1715520395.916322: [61.1, 8.7, 8.0, 0.0]
1715520396.16682: [66.7, 9.1, 18.5, 12.0]
1715520396.417479: [68.2, 12.5, 4.3, 4.5]
1715520396.668151: [68.2, 4.5, 14.8, 4.3]
1715520396.918772: [69.6, 12.5, 4.3, 8.3]
1715520397.169443: [65.0, 25.9, 11.5, 12.5]
1715520397.420112: [73.1, 16.0, 8.3, 4.3]
1715520397.670665: [66.7, 19.2, 8.0, 4.5]
1715520397.921319: [65.0, 8.7, 8.3, 4.3]
1715520398.172001: [65.0, 16.0, 8.0, 8.3]
1715520398.422608: [28.0, 8.0, 11.1, 4.0]
1715520398.673138: [0.0, 0.0, 7.7, 4.0]
1715520398.923717: [0.0, 0.0, 0.0, 0.0]
1715520399.174277: [0.0, 0.0, 0.0, 0.0]
1715520399.424815: [0.0, 0.0, 0.0, 0.0]
1715520399.675358: [0.0, 0.0, 0.0, 0.0]
1715520399.925899: [0.0, 0.0, 0.0, 0.0]
1715520400.176577: [33.3, 4.0, 0.0, 4.2]
1715520400.427218: [79.2, 12.0, 9.1, 8.3]
1715520400.677887: [88.0, 18.5, 13.0, 4.3]
1715520400.928566: [82.6, 14.8, 26.9, 12.0]
1715520401.179152: [81.8, 12.5, 9.1, 16.0]
1715520401.429895: [83.3, 8.0, 4.5, 4.3]
1715520401.680577: [80.0, 12.0, 9.1, 12.0]
1715520401.930979: [81.8, 18.5, 13.0, 4.3]
1715520402.181578: [83.3, 11.5, 13.0, 12.0]
1715520402.432245: [87.0, 21.4, 13.0, 4.3]
1715520402.682773: [83.3, 21.4, 13.0, 8.3]
1715520402.93336: [81.0, 14.8, 12.5, 16.0]
1715520403.184082: [81.8, 15.4, 13.0, 8.3]
1715520403.434717: [82.6, 12.0, 13.0, 8.3]
1715520403.685357: [86.4, 21.4, 13.0, 12.0]
1715520403.935964: [84.0, 20.7, 8.7, 4.3]
1715520404.18659: [84.0, 18.5, 4.8, 8.7]
1715520404.437194: [82.6, 15.4, 9.1, 8.3]
1715520404.687714: [87.0, 8.0, 4.5, 4.3]
1715520404.93826: [83.3, 8.3, 16.7, 4.3]
1715520405.188867: [52.0, 8.0, 8.3, 17.9]
1715520405.439405: [0.0, 0.0, 0.0, 0.0]
1715520405.68999: [4.0, 0.0, 0.0, 0.0]
1715520405.940499: [0.0, 0.0, 0.0, 0.0]
1715520406.19103: [0.0, 0.0, 0.0, 0.0]
1715520406.441574: [0.0, 0.0, 0.0, 0.0]
1715520406.692085: [3.8, 0.0, 0.0, 0.0]
1715520406.942714: [16.0, 4.0, 4.0, 4.0]
1715520407.193431: [90.9, 18.5, 13.0, 4.5]
1715520407.444009: [91.7, 24.1, 17.4, 19.2]
1715520407.694801: [91.7, 12.0, 16.7, 22.2]
1715520407.945441: [92.0, 17.9, 8.7, 12.0]
1715520408.195995: [96.2, 21.4, 13.0, 4.5]
1715520408.446656: [92.3, 15.4, 20.0, 16.0]
1715520408.697217: [91.7, 25.0, 20.8, 22.2]
1715520408.94782: [95.8, 21.4, 20.0, 16.0]
1715520409.198442: [92.3, 24.1, 13.0, 12.5]
1715520409.449119: [95.7, 31.2, 13.0, 4.5]
1715520409.699691: [92.3, 12.0, 13.0, 8.3]
1715520409.950282: [91.3, 11.5, 13.0, 4.5]
1715520410.200889: [92.3, 24.1, 23.1, 16.0]
1715520410.451547: [95.8, 12.0, 9.1, 12.5]
1715520410.702226: [92.0, 15.4, 20.0, 18.5]
1715520410.952778: [91.7, 25.8, 16.7, 12.5]
1715520411.20342: [92.3, 21.4, 13.0, 22.2]
1715520411.454009: [96.0, 15.4, 0.0, 8.3]
1715520411.704618: [91.7, 18.5, 28.6, 22.2]
1715520411.955136: [74.1, 14.8, 8.7, 4.3]
1715520412.205733: [0.0, 0.0, 0.0, 0.0]
1715520412.456318: [0.0, 0.0, 0.0, 0.0]
1715520412.706909: [0.0, 0.0, 0.0, 0.0]
1715520412.957461: [0.0, 0.0, 0.0, 0.0]
1715520413.208061: [0.0, 0.0, 0.0, 0.0]
1715520413.458656: [0.0, 0.0, 0.0, 0.0]
1715520413.709194: [4.0, 0.0, 4.0, 0.0]
1715520413.959788: [92.0, 12.0, 13.6, 4.5]
1715520414.210509: [100.0, 25.0, 21.7, 19.2]
1715520414.461195: [96.2, 15.4, 18.2, 8.7]
1715520414.711851: [100.0, 18.5, 24.0, 19.2]
1715520414.962455: [96.0, 21.4, 20.8, 4.5]
1715520415.213131: [96.2, 12.0, 13.6, 12.5]
1715520415.463761: [100.0, 21.4, 24.0, 12.5]
1715520415.714317: [96.2, 24.1, 30.8, 12.5]
1715520415.964973: [100.0, 18.5, 26.9, 12.5]
1715520416.21566: [96.0, 12.0, 24.0, 8.7]
1715520416.466241: [96.3, 15.4, 10.0, 16.0]
1715520416.716862: [100.0, 18.5, 32.1, 12.5]
1715520416.967571: [96.2, 21.4, 13.6, 4.5]
1715520417.218177: [100.0, 21.4, 24.0, 8.7]
1715520417.46878: [96.2, 12.0, 9.5, 12.5]
1715520417.719484: [100.0, 15.4, 28.0, 16.0]
1715520417.970101: [96.0, 24.1, 17.4, 12.5]
1715520418.220765: [100.0, 18.5, 20.8, 12.5]
1715520418.471466: [95.8, 18.5, 26.9, 8.7]
1715520418.722047: [92.3, 21.4, 30.8, 16.7]
1715520418.972597: [4.0, 0.0, 0.0, 0.0]
1715520419.223175: [0.0, 0.0, 0.0, 0.0]
1715520419.473691: [3.8, 0.0, 0.0, 3.8]
1715520419.72421: [0.0, 0.0, 0.0, 0.0]
1715520419.974739: [0.0, 0.0, 0.0, 0.0]
1715520420.225303: [0.0, 0.0, 0.0, 0.0]
1715520420.475821: [0.0, 0.0, 0.0, 0.0]
1715520420.726508: [84.0, 24.1, 13.6, 8.3]
1715520420.977145: [100.0, 25.0, 17.4, 4.3]
1715520421.227755: [100.0, 22.2, 9.5, 12.0]
1715520421.478381: [100.0, 19.2, 20.8, 4.2]
1715520421.729027: [100.0, 19.2, 10.0, 8.3]
1715520421.979669: [100.0, 29.0, 13.6, 4.3]
1715520422.230329: [100.0, 16.0, 20.8, 0.0]
1715520422.480906: [100.0, 16.0, 24.0, 12.0]
1715520422.731492: [100.0, 21.4, 17.4, 12.0]
1715520422.98207: [100.0, 16.0, 29.6, 11.5]
1715520423.2327: [100.0, 4.5, 17.4, 15.4]
1715520423.48336: [100.0, 15.4, 14.3, 8.3]
1715520423.733932: [100.0, 8.7, 17.4, 15.4]
1715520423.984492: [100.0, 16.0, 13.6, 4.2]
1715520424.23522: [100.0, 21.4, 13.0, 4.3]
1715520424.48594: [100.0, 19.2, 24.0, 0.0]
1715520424.73663: [100.0, 19.2, 29.6, 8.0]
1715520424.987425: [100.0, 24.1, 18.2, 4.3]
1715520425.238193: [100.0, 27.6, 13.6, 12.0]
1715520425.489017: [100.0, 22.2, 24.0, 12.0]
1715520425.739613: [12.0, 3.8, 4.0, 0.0]
1715520425.990173: [0.0, 0.0, 3.8, 0.0]
1715520426.240732: [0.0, 0.0, 0.0, 0.0]
1715520426.491331: [0.0, 0.0, 3.8, 0.0]
1715520426.741908: [0.0, 0.0, 0.0, 0.0]
1715520426.992482: [0.0, 0.0, 7.4, 0.0]
1715520427.243039: [4.0, 4.0, 0.0, 4.0]
1715520427.493678: [72.0, 16.0, 8.3, 16.0]
1715520427.744296: [100.0, 28.0, 18.5, 20.8]
1715520427.994824: [100.0, 29.6, 16.0, 26.9]
1715520428.245508: [100.0, 20.0, 8.3, 13.0]
1715520428.496174: [100.0, 20.8, 0.0, 17.4]
1715520428.746793: [100.0, 34.5, 16.7, 24.0]
1715520428.997478: [100.0, 26.9, 12.0, 20.0]
1715520429.248113: [100.0, 26.9, 12.5, 4.8]
1715520429.498772: [100.0, 37.5, 8.3, 17.4]
1715520429.749408: [100.0, 24.0, 8.3, 23.1]
1715520430.000052: [100.0, 24.0, 19.2, 13.6]
1715520430.250729: [100.0, 35.5, 18.5, 25.9]
1715520430.501406: [100.0, 34.5, 4.3, 20.8]
1715520430.752031: [100.0, 32.1, 12.5, 28.6]
1715520431.002767: [100.0, 23.1, 8.3, 25.9]
1715520431.253437: [100.0, 24.0, 16.0, 29.6]
1715520431.504063: [100.0, 26.9, 12.0, 28.6]
1715520431.754703: [100.0, 24.0, 15.4, 26.9]
1715520432.005371: [100.0, 25.9, 19.2, 25.9]
1715520432.256026: [100.0, 26.9, 12.0, 23.1]
1715520432.506686: [26.9, 11.1, 7.7, 8.0]
1715520432.757323: [0.0, 0.0, 0.0, 0.0]
1715520433.007875: [0.0, 3.8, 0.0, 0.0]
1715520433.258447: [0.0, 0.0, 0.0, 0.0]
1715520433.509046: [0.0, 0.0, 0.0, 0.0]
1715520433.759626: [0.0, 0.0, 0.0, 0.0]
1715520434.010144: [0.0, 0.0, 3.8, 0.0]
1715520434.260723: [60.0, 15.4, 8.3, 12.5]
1715520434.511402: [100.0, 31.0, 17.4, 23.1]
1715520434.762111: [100.0, 31.0, 20.0, 16.7]
1715520435.012776: [100.0, 27.6, 33.3, 23.1]
1715520435.263469: [100.0, 23.1, 13.0, 16.7]
1715520435.514233: [100.0, 29.6, 31.0, 16.7]
1715520435.765001: [100.0, 32.1, 29.6, 17.4]
1715520436.015454: [100.0, 27.6, 25.9, 24.0]
1715520436.266167: [100.0, 23.1, 26.9, 16.7]
1715520436.516893: [100.0, 23.1, 16.7, 13.0]
1715520436.767565: [100.0, 20.0, 16.7, 16.7]
1715520437.018219: [100.0, 25.9, 25.9, 31.0]
1715520437.268659: [100.0, 25.9, 29.6, 16.7]
1715520437.51935: [100.0, 25.9, 25.9, 16.7]
1715520437.77003: [100.0, 23.1, 28.6, 31.0]
1715520438.020684: [100.0, 20.0, 23.1, 20.0]
1715520438.271381: [100.0, 20.0, 20.8, 32.1]
1715520438.522108: [100.0, 28.6, 9.1, 20.0]
1715520438.772818: [100.0, 26.9, 23.1, 37.9]
1715520439.023454: [100.0, 23.1, 31.0, 16.7]
1715520439.274026: [36.0, 8.0, 8.3, 4.2]
1715520439.524615: [0.0, 0.0, 0.0, 0.0]
1715520439.775141: [3.8, 0.0, 0.0, 0.0]
1715520440.025744: [0.0, 3.8, 0.0, 0.0]
1715520440.276286: [0.0, 4.0, 0.0, 0.0]
1715520440.526845: [0.0, 0.0, 0.0, 0.0]
1715520440.777365: [0.0, 0.0, 0.0, 0.0]
1715520441.028012: [38.5, 14.3, 8.0, 4.2]
1715520441.278798: [100.0, 15.4, 26.9, 28.6]
1715520441.529409: [100.0, 26.7, 24.0, 31.0]
1715520441.780091: [100.0, 26.7, 26.9, 20.0]
1715520442.030891: [100.0, 20.7, 26.9, 28.6]
1715520442.281506: [100.0, 29.0, 13.0, 25.9]
1715520442.532194: [100.0, 18.5, 24.0, 4.5]
1715520442.782871: [100.0, 18.5, 28.6, 16.7]
1715520443.033492: [100.0, 24.1, 32.1, 23.1]
1715520443.284192: [100.0, 12.0, 20.8, 16.7]
1715520443.53491: [100.0, 23.3, 16.7, 12.5]
1715520443.785503: [100.0, 24.1, 26.9, 16.7]
1715520444.036246: [100.0, 24.1, 23.1, 20.0]
1715520444.286782: [100.0, 24.1, 26.9, 27.6]
1715520444.537504: [100.0, 24.1, 23.1, 25.9]
1715520444.78812: [100.0, 26.7, 20.8, 23.1]
1715520445.038827: [100.0, 29.0, 24.0, 16.7]
1715520445.289491: [100.0, 26.7, 9.1, 13.0]
1715520445.540176: [100.0, 20.7, 13.6, 23.1]
1715520445.790782: [100.0, 18.5, 26.9, 20.0]
1715520446.041347: [61.5, 14.8, 15.4, 8.3]
1715520446.291915: [0.0, 0.0, 0.0, 0.0]
1715520446.542457: [3.8, 4.0, 3.8, 0.0]
1715520446.793044: [0.0, 0.0, 0.0, 0.0]
1715520447.04357: [0.0, 0.0, 0.0, 0.0]
1715520447.294122: [0.0, 0.0, 0.0, 0.0]
1715520447.544669: [0.0, 0.0, 0.0, 0.0]
1715520447.795234: [12.5, 7.7, 0.0, 0.0]
1715520448.045867: [100.0, 23.1, 25.9, 15.4]
1715520448.296519: [100.0, 20.0, 36.7, 15.4]
1715520448.547196: [100.0, 16.7, 31.0, 12.0]
1715520448.797828: [100.0, 25.9, 30.8, 13.0]
1715520449.048464: [100.0, 31.0, 28.6, 12.0]
1715520449.299163: [100.0, 31.0, 4.8, 12.0]
1715520449.549818: [100.0, 31.0, 29.6, 21.4]
1715520449.800468: [100.0, 31.0, 13.0, 8.3]
1715520450.05109: [100.0, 16.7, 9.5, 12.0]
1715520450.301768: [100.0, 31.0, 20.0, 16.0]
1715520450.552399: [100.0, 31.0, 13.6, 21.4]
1715520450.802822: [100.0, 23.1, 13.0, 18.5]
1715520451.053494: [100.0, 23.1, 17.4, 12.0]
1715520451.304206: [100.0, 23.1, 20.0, 12.0]
1715520451.554821: [100.0, 32.3, 0.0, 15.4]
1715520451.805482: [100.0, 16.7, 17.4, 16.0]
1715520452.056112: [100.0, 28.6, 28.6, 26.7]
1715520452.306781: [100.0, 23.1, 13.6, 12.0]
1715520452.557431: [100.0, 20.0, 16.7, 8.3]
1715520452.80795: [80.8, 19.2, 8.7, 8.0]
1715520453.058558: [0.0, 0.0, 3.8, 0.0]
1715520453.309153: [0.0, 3.8, 0.0, 3.8]
1715520453.55971: [0.0, 0.0, 0.0, 0.0]
1715520453.810292: [3.8, 3.8, 0.0, 0.0]
1715520454.060883: [0.0, 0.0, 0.0, 0.0]
1715520454.311445: [0.0, 0.0, 0.0, 0.0]
1715520454.561996: [0.0, 0.0, 0.0, 0.0]
1715520454.812631: [96.2, 13.0, 25.0, 12.5]
1715520455.063345: [100.0, 25.9, 20.0, 27.6]
1715520455.313965: [100.0, 28.6, 19.2, 13.0]
1715520455.564621: [100.0, 31.0, 20.0, 22.2]
1715520455.815386: [100.0, 20.0, 16.7, 22.2]
1715520456.066027: [100.0, 25.0, 19.2, 19.2]
1715520456.316665: [100.0, 26.9, 20.0, 23.1]
1715520456.567322: [100.0, 28.6, 19.2, 19.2]
1715520456.818011: [100.0, 20.0, 12.5, 8.7]
1715520457.068663: [100.0, 25.9, 25.9, 22.2]
1715520457.319312: [100.0, 23.1, 16.0, 16.7]
1715520457.570034: [100.0, 20.0, 16.7, 12.5]
1715520457.820794: [100.0, 28.6, 22.2, 19.2]
1715520458.071509: [100.0, 20.0, 16.0, 27.6]
1715520458.322185: [100.0, 20.0, 19.2, 16.0]
1715520458.572889: [100.0, 25.9, 13.0, 16.7]
1715520458.823529: [100.0, 20.0, 16.7, 16.7]
1715520459.074141: [100.0, 16.7, 8.7, 22.2]
1715520459.324783: [100.0, 37.5, 19.2, 22.2]
1715520459.575391: [100.0, 25.9, 25.9, 27.6]
1715520459.825969: [0.0, 3.8, 0.0, 0.0]
1715520460.076508: [0.0, 0.0, 0.0, 0.0]
1715520460.327082: [0.0, 0.0, 0.0, 0.0]
1715520460.577632: [0.0, 0.0, 0.0, 0.0]
1715520460.828184: [0.0, 0.0, 3.8, 0.0]
1715520461.078742: [0.0, 0.0, 0.0, 0.0]
1715520461.329272: [0.0, 0.0, 0.0, 0.0]
1715520461.579927: [83.3, 12.0, 22.2, 8.3]
1715520461.830648: [100.0, 27.6, 20.0, 12.0]
1715520462.081352: [100.0, 25.0, 28.6, 15.4]
1715520462.331983: [100.0, 24.1, 31.0, 4.3]
1715520462.582779: [100.0, 22.2, 20.0, 12.0]
1715520462.833478: [100.0, 29.0, 19.2, 8.3]
1715520463.084071: [100.0, 19.2, 13.0, 21.4]
1715520463.334699: [100.0, 22.2, 28.6, 18.5]
1715520463.585357: [100.0, 19.2, 16.7, 15.4]
1715520463.83602: [100.0, 22.2, 23.1, 15.4]
1715520464.086751: [100.0, 19.2, 20.0, 18.5]
1715520464.337451: [100.0, 24.1, 25.9, 21.4]
1715520464.58812: [100.0, 32.3, 16.0, 8.3]
1715520464.838863: [100.0, 25.0, 13.0, 8.0]
1715520465.089603: [100.0, 21.4, 28.6, 12.0]
1715520465.340362: [100.0, 22.2, 16.7, 8.3]
1715520465.590808: [100.0, 23.1, 25.9, 18.5]
1715520465.841491: [100.0, 16.0, 20.0, 12.5]
1715520466.092198: [100.0, 27.6, 25.0, 18.5]
1715520466.342866: [100.0, 18.5, 25.9, 4.3]
1715520466.593404: [19.2, 4.0, 0.0, 3.8]
1715520466.843948: [0.0, 0.0, 0.0, 0.0]
1715520467.094518: [0.0, 0.0, 0.0, 0.0]
1715520467.345064: [0.0, 0.0, 4.0, 0.0]
1715520467.595571: [3.8, 0.0, 0.0, 4.0]
1715520467.84612: [0.0, 0.0, 0.0, 0.0]
1715520468.096634: [0.0, 0.0, 0.0, 3.8]
1715520468.347259: [68.0, 17.2, 4.5, 4.3]
1715520468.598067: [100.0, 26.7, 13.0, 16.7]
1715520468.84872: [100.0, 31.3, 26.9, 23.1]
1715520469.099397: [100.0, 14.8, 9.5, 27.6]
1715520469.350026: [100.0, 26.7, 13.0, 22.2]
1715520469.600652: [100.0, 28.1, 25.9, 16.7]
1715520469.851276: [100.0, 31.2, 16.7, 16.0]
1715520470.102052: [100.0, 20.7, 20.0, 16.0]
1715520470.352671: [100.0, 23.3, 23.1, 12.5]
1715520470.603439: [100.0, 21.4, 16.7, 25.0]
1715520470.854129: [100.0, 20.7, 17.4, 16.7]
1715520471.104865: [100.0, 12.0, 16.7, 19.2]
1715520471.355571: [100.0, 30.3, 16.7, 19.2]
1715520471.606193: [100.0, 11.5, 16.7, 28.6]
1715520471.856829: [100.0, 18.5, 13.0, 19.2]
1715520472.107489: [100.0, 17.9, 13.6, 16.0]
1715520472.358135: [100.0, 17.9, 28.6, 25.0]
1715520472.60875: [100.0, 29.0, 9.1, 16.0]
1715520472.859507: [100.0, 30.3, 16.7, 9.1]
1715520473.110244: [100.0, 28.1, 13.0, 22.2]
1715520473.360801: [32.0, 14.3, 4.2, 4.0]
1715520473.611334: [0.0, 0.0, 0.0, 0.0]
1715520473.861889: [0.0, 4.0, 3.8, 0.0]
1715520474.112483: [0.0, 0.0, 0.0, 0.0]
1715520474.363028: [0.0, 0.0, 0.0, 0.0]
1715520474.613562: [0.0, 0.0, 0.0, 0.0]
1715520474.86408: [0.0, 0.0, 0.0, 0.0]
1715520475.11479: [50.0, 14.8, 8.3, 12.0]
1715520475.365528: [100.0, 23.1, 18.2, 32.1]
1715520475.616191: [100.0, 20.0, 25.0, 30.8]
1715520475.866862: [100.0, 12.5, 29.6, 32.1]
1715520476.117562: [100.0, 16.0, 28.6, 25.9]
1715520476.368281: [100.0, 25.9, 17.4, 20.8]
1715520476.618902: [100.0, 16.0, 29.6, 26.9]
1715520476.86958: [100.0, 22.2, 17.4, 20.8]
1715520477.12029: [100.0, 32.3, 16.7, 17.4]
1715520477.370825: [100.0, 13.0, 13.6, 20.0]
1715520477.621451: [100.0, 16.0, 17.4, 24.0]
1715520477.872215: [100.0, 16.0, 13.6, 13.6]
1715520478.123005: [100.0, 16.0, 16.7, 25.9]
1715520478.373716: [100.0, 34.4, 24.0, 17.4]
1715520478.62442: [100.0, 19.2, 23.1, 25.9]
1715520478.874791: [100.0, 28.6, 14.3, 25.0]
1715520479.125496: [100.0, 25.0, 26.9, 24.0]
1715520479.376162: [100.0, 27.6, 20.8, 20.8]
1715520479.626774: [100.0, 28.6, 29.6, 26.9]
1715520479.877552: [100.0, 25.0, 26.9, 17.4]
1715520480.128101: [45.8, 14.8, 14.8, 14.8]
1715520480.378711: [0.0, 0.0, 0.0, 0.0]
1715520480.629256: [0.0, 0.0, 0.0, 0.0]
1715520480.879825: [0.0, 0.0, 0.0, 0.0]
1715520481.130385: [3.8, 0.0, 0.0, 0.0]
1715520481.380941: [0.0, 0.0, 0.0, 0.0]
1715520481.631474: [0.0, 0.0, 0.0, 0.0]
1715520481.882088: [34.6, 4.0, 4.0, 4.0]
1715520482.13277: [100.0, 25.0, 25.9, 20.0]
1715520482.383524: [100.0, 25.0, 22.2, 25.9]
1715520482.634154: [100.0, 16.0, 25.9, 16.7]
1715520482.884825: [100.0, 22.2, 12.5, 8.7]
1715520483.135502: [100.0, 27.6, 19.2, 9.1]
1715520483.38619: [100.0, 22.2, 23.1, 16.0]
1715520483.636862: [100.0, 12.0, 25.0, 23.1]
1715520483.887591: [100.0, 25.0, 16.0, 23.1]
1715520484.138285: [100.0, 30.0, 16.0, 16.0]
1715520484.388982: [100.0, 22.2, 25.9, 16.7]
1715520484.639604: [100.0, 24.1, 12.5, 8.7]
1715520484.890307: [100.0, 34.4, 8.7, 19.2]
1715520485.140973: [100.0, 27.6, 28.6, 23.1]
1715520485.391636: [100.0, 33.3, 0.0, 12.5]
1715520485.642314: [100.0, 18.5, 23.1, 13.0]
1715520485.89294: [100.0, 32.3, 12.5, 23.1]
1715520486.143646: [100.0, 19.2, 22.2, 25.0]
1715520486.394296: [100.0, 22.2, 25.9, 20.0]
1715520486.644938: [100.0, 22.2, 20.0, 20.0]
1715520486.895455: [68.0, 21.4, 15.4, 16.0]
1715520487.146001: [3.8, 3.8, 0.0, 3.8]
1715520487.396536: [0.0, 0.0, 0.0, 0.0]
1715520487.647068: [3.8, 0.0, 0.0, 0.0]
1715520487.897609: [0.0, 0.0, 0.0, 0.0]
1715520488.148134: [3.8, 0.0, 0.0, 0.0]
1715520488.398714: [0.0, 0.0, 0.0, 0.0]
1715520488.649486: [12.0, 0.0, 4.0, 0.0]
1715520488.900289: [100.0, 29.6, 26.1, 16.0]
1715520489.150911: [100.0, 25.9, 20.8, 18.5]
1715520489.401646: [100.0, 31.0, 21.7, 12.0]
1715520489.652306: [100.0, 30.0, 34.5, 18.5]
1715520489.902943: [100.0, 20.0, 9.5, 12.0]
1715520490.153631: [100.0, 20.0, 20.8, 15.4]
1715520490.404281: [100.0, 16.0, 24.0, 12.5]
1715520490.654914: [100.0, 28.6, 21.7, 12.0]
1715520490.905542: [100.0, 27.6, 20.8, 4.3]
1715520491.156294: [100.0, 35.5, 20.8, 4.3]
1715520491.407037: [100.0, 25.9, 5.0, 8.3]
1715520491.657836: [100.0, 33.3, 5.0, 12.0]
1715520491.908588: [100.0, 30.0, 26.9, 21.4]
1715520492.159277: [100.0, 28.6, 24.0, 12.0]
1715520492.409955: [100.0, 23.1, 28.0, 12.0]
1715520492.660711: [100.0, 30.0, 24.0, 18.5]
1715520492.911424: [100.0, 31.0, 24.0, 8.3]
1715520493.162163: [100.0, 25.0, 24.0, 15.4]
1715520493.412909: [100.0, 31.0, 29.6, 12.0]
1715520493.663467: [84.6, 25.0, 25.9, 12.0]
1715520493.914057: [0.0, 0.0, 0.0, 0.0]
1715520494.164609: [0.0, 0.0, 0.0, 0.0]
1715520494.415158: [0.0, 0.0, 0.0, 0.0]
1715520494.665738: [0.0, 0.0, 0.0, 0.0]
1715520494.916301: [0.0, 0.0, 0.0, 0.0]
1715520495.1669: [3.8, 0.0, 0.0, 0.0]
