1715521001.245688: [0.0, 0.0, 0.0, 0.0]
1715521001.496265: [3.8, 0.0, 0.0, 0.0]
1715521001.746839: [7.4, 0.0, 0.0, 0.0]
1715521001.997388: [0.0, 0.0, 0.0, 0.0]
1715521002.247909: [0.0, 0.0, 0.0, 0.0]
1715521002.498475: [0.0, 0.0, 0.0, 0.0]
1715521002.749081: [0.0, 0.0, 0.0, 0.0]
1715521002.999632: [0.0, 3.8, 0.0, 0.0]
1715521003.250154: [0.0, 0.0, 0.0, 0.0]
1715521003.500716: [3.8, 0.0, 0.0, 0.0]
1715521003.751283: [0.0, 0.0, 0.0, 4.0]
1715521004.001843: [3.8, 0.0, 0.0, 0.0]
1715521004.25239: [0.0, 0.0, 0.0, 0.0]
1715521004.502943: [0.0, 0.0, 0.0, 0.0]
1715521004.753508: [0.0, 0.0, 0.0, 0.0]
1715521005.004023: [0.0, 0.0, 0.0, 0.0]
1715521005.254609: [7.7, 4.0, 0.0, 0.0]
1715521005.505128: [23.3, 3.8, 7.7, 0.0]
1715521005.755655: [17.9, 7.7, 4.0, 4.0]
1715521006.006205: [36.1, 10.7, 7.4, 0.0]
1715521006.256769: [23.3, 7.7, 0.0, 0.0]
1715521006.507408: [14.8, 4.0, 3.8, 0.0]
1715521006.757971: [17.9, 0.0, 4.0, 4.0]
1715521007.008488: [29.0, 7.7, 0.0, 0.0]
1715521007.259029: [30.3, 7.4, 7.7, 0.0]
1715521007.509574: [23.3, 11.1, 0.0, 0.0]
1715521007.760097: [25.8, 11.1, 4.0, 7.4]
1715521008.010634: [26.7, 0.0, 7.4, 0.0]
1715521008.261152: [23.3, 3.8, 0.0, 0.0]
1715521008.511671: [17.9, 4.0, 4.0, 0.0]
1715521008.762244: [17.9, 3.8, 3.8, 0.0]
1715521009.012776: [28.1, 4.0, 0.0, 3.8]
1715521009.263336: [15.4, 4.0, 0.0, 0.0]
1715521009.513889: [17.9, 0.0, 0.0, 0.0]
1715521009.764409: [26.7, 11.5, 4.0, 0.0]
1715521010.014958: [14.8, 0.0, 4.0, 3.8]
1715521010.265484: [11.5, 4.0, 4.0, 4.0]
1715521010.516111: [0.0, 0.0, 0.0, 0.0]
1715521010.766731: [0.0, 3.8, 0.0, 0.0]
1715521011.01731: [0.0, 0.0, 0.0, 0.0]
1715521011.26786: [0.0, 0.0, 0.0, 0.0]
1715521011.518401: [0.0, 0.0, 0.0, 0.0]
1715521011.768928: [0.0, 0.0, 0.0, 0.0]
1715521012.019456: [0.0, 0.0, 0.0, 0.0]
1715521012.269978: [18.5, 0.0, 0.0, 0.0]
1715521012.5205: [22.2, 0.0, 4.0, 0.0]
1715521012.771044: [18.5, 0.0, 4.0, 0.0]
1715521013.021567: [32.3, 13.8, 4.0, 4.0]
1715521013.272106: [19.2, 0.0, 0.0, 0.0]
1715521013.522648: [21.4, 4.0, 0.0, 0.0]
1715521013.773168: [27.6, 4.0, 11.1, 4.0]
1715521014.023689: [25.0, 7.7, 0.0, 0.0]
1715521014.274241: [26.7, 4.0, 0.0, 0.0]
1715521014.524773: [19.2, 4.0, 4.0, 0.0]
1715521014.775411: [22.2, 0.0, 4.0, 0.0]
1715521015.025956: [26.7, 7.7, 3.8, 0.0]
1715521015.276482: [25.0, 4.0, 4.0, 4.0]
1715521015.527003: [25.0, 7.7, 0.0, 0.0]
1715521015.777542: [27.6, 7.7, 4.0, 0.0]
1715521016.028129: [18.5, 4.0, 7.7, 3.8]
1715521016.278708: [22.2, 0.0, 4.0, 0.0]
1715521016.529213: [4.5, 0.0, 0.0, 0.0]
1715521016.779726: [16.0, 4.0, 7.7, 3.8]
1715521017.030248: [30.0, 4.0, 0.0, 4.0]
1715521017.28081: [7.7, 0.0, 0.0, 4.0]
1715521017.531357: [0.0, 0.0, 0.0, 0.0]
1715521017.781916: [0.0, 0.0, 0.0, 3.8]
1715521018.032482: [0.0, 0.0, 0.0, 0.0]
1715521018.283049: [0.0, 0.0, 0.0, 0.0]
1715521018.533615: [0.0, 0.0, 0.0, 0.0]
1715521018.784156: [0.0, 0.0, 0.0, 0.0]
1715521019.034722: [21.4, 14.3, 4.0, 0.0]
1715521019.28525: [28.6, 0.0, 7.7, 0.0]
1715521019.535788: [25.9, 8.0, 0.0, 0.0]
1715521019.786312: [24.0, 4.0, 7.7, 0.0]
1715521020.036837: [35.5, 14.8, 11.1, 7.7]
1715521020.287499: [28.6, 4.0, 0.0, 0.0]
1715521020.538027: [16.7, 4.0, 0.0, 0.0]
1715521020.788544: [13.0, 0.0, 0.0, 0.0]
1715521021.039082: [16.7, 4.2, 0.0, 7.7]
1715521021.28961: [26.9, 0.0, 4.0, 0.0]
1715521021.540234: [31.0, 7.7, 4.0, 4.2]
1715521021.790774: [28.6, 8.0, 4.2, 0.0]
1715521022.041309: [32.1, 0.0, 4.0, 4.0]
1715521022.291892: [25.9, 4.0, 0.0, 0.0]
1715521022.542466: [25.9, 0.0, 4.0, 4.2]
1715521022.793026: [25.9, 8.0, 7.7, 4.0]
1715521023.043642: [35.5, 0.0, 0.0, 0.0]
1715521023.294164: [25.9, 0.0, 0.0, 4.0]
1715521023.544684: [23.1, 0.0, 0.0, 0.0]
1715521023.795226: [24.0, 8.0, 0.0, 0.0]
1715521024.045776: [12.0, 0.0, 0.0, 0.0]
1715521024.296337: [0.0, 0.0, 0.0, 0.0]
1715521024.546929: [0.0, 0.0, 0.0, 0.0]
1715521024.79747: [0.0, 0.0, 0.0, 0.0]
1715521025.048041: [0.0, 3.8, 0.0, 0.0]
1715521025.298617: [0.0, 0.0, 0.0, 0.0]
1715521025.549163: [3.8, 4.0, 3.8, 4.0]
1715521025.799735: [12.0, 0.0, 4.0, 0.0]
1715521026.050313: [14.3, 0.0, 0.0, 0.0]
1715521026.300842: [25.0, 4.2, 0.0, 0.0]
1715521026.551364: [26.9, 4.0, 4.0, 0.0]
1715521026.801952: [28.0, 0.0, 4.2, 0.0]
1715521027.05255: [35.7, 8.0, 11.1, 11.1]
1715521027.303096: [32.1, 4.2, 0.0, 4.2]
1715521027.553614: [26.9, 4.0, 0.0, 4.0]
1715521027.804214: [25.0, 11.5, 4.2, 0.0]
1715521028.054797: [43.7, 4.2, 11.1, 0.0]
1715521028.305325: [26.9, 4.0, 0.0, 0.0]
1715521028.55597: [37.9, 11.5, 4.0, 0.0]
1715521028.806574: [25.0, 0.0, 0.0, 0.0]
1715521029.057087: [32.1, 11.5, 4.0, 0.0]
1715521029.307752: [30.8, 11.5, 8.0, 0.0]
1715521029.558289: [21.7, 0.0, 0.0, 0.0]
1715521029.80884: [21.7, 11.5, 4.2, 4.2]
1715521030.059495: [20.8, 0.0, 4.2, 0.0]
1715521030.310021: [25.0, 0.0, 0.0, 4.2]
1715521030.560594: [21.7, 0.0, 0.0, 0.0]
1715521030.81117: [13.0, 0.0, 0.0, 0.0]
1715521031.061722: [0.0, 0.0, 0.0, 3.8]
1715521031.312268: [0.0, 0.0, 0.0, 0.0]
1715521031.562837: [0.0, 0.0, 0.0, 0.0]
1715521031.813418: [3.8, 0.0, 0.0, 0.0]
1715521032.064002: [0.0, 0.0, 0.0, 0.0]
1715521032.314615: [3.8, 0.0, 0.0, 0.0]
1715521032.565149: [0.0, 3.8, 0.0, 0.0]
1715521032.815706: [22.7, 8.0, 0.0, 4.2]
1715521033.066243: [30.4, 0.0, 8.0, 0.0]
1715521033.316812: [27.3, 4.0, 0.0, 4.2]
1715521033.567131: [5.9, 0.0, 0.0, 0.0]
1715521033.817662: [29.2, 8.0, 4.2, 0.0]
1715521034.068262: [19.0, 4.0, 0.0, 0.0]
1715521034.318758: [20.0, 8.0, 0.0, 0.0]
1715521034.569312: [27.3, 0.0, 0.0, 4.0]
1715521034.819894: [29.2, 0.0, 0.0, 0.0]
1715521035.070466: [22.7, 0.0, 4.2, 0.0]
1715521035.321017: [20.0, 8.0, 0.0, 0.0]
1715521035.571697: [22.7, 4.0, 4.2, 4.2]
1715521035.822238: [27.3, 8.3, 8.0, 4.2]
1715521036.072777: [27.3, 0.0, 8.0, 4.2]
1715521036.323305: [33.3, 8.0, 0.0, 4.3]
1715521036.573901: [15.8, 0.0, 0.0, 4.0]
1715521036.82456: [22.7, 4.0, 4.2, 0.0]
1715521037.075103: [20.0, 4.2, 4.2, 0.0]
1715521037.325625: [23.8, 0.0, 4.2, 0.0]
1715521037.57613: [10.5, 0.0, 0.0, 0.0]
1715521037.826707: [0.0, 3.8, 3.8, 0.0]
1715521038.077301: [0.0, 0.0, 0.0, 0.0]
1715521038.327829: [0.0, 0.0, 0.0, 0.0]
1715521038.578387: [0.0, 0.0, 0.0, 0.0]
1715521038.828972: [0.0, 4.0, 0.0, 0.0]
1715521039.079523: [0.0, 0.0, 0.0, 0.0]
1715521039.330071: [0.0, 0.0, 0.0, 0.0]
1715521039.580609: [26.1, 4.0, 4.2, 4.2]
1715521039.831188: [28.6, 8.3, 4.5, 4.2]
1715521040.081715: [33.3, 4.0, 0.0, 0.0]
1715521040.332344: [30.0, 8.0, 8.3, 0.0]
1715521040.582767: [17.6, 0.0, 4.3, 4.0]
1715521040.833306: [34.8, 0.0, 0.0, 0.0]
1715521041.083874: [17.6, 4.2, 0.0, 0.0]
1715521041.334422: [31.8, 4.2, 4.3, 4.0]
1715521041.584966: [26.3, 7.7, 0.0, 0.0]
1715521041.835649: [25.0, 0.0, 8.3, 4.0]
1715521042.086194: [39.1, 11.1, 0.0, 4.0]
1715521042.336738: [33.3, 4.2, 0.0, 0.0]
1715521042.587025: [40.0, 0.0, 4.2, 0.0]
1715521042.837542: [17.6, 0.0, 0.0, 0.0]
1715521043.088129: [25.0, 0.0, 0.0, 4.2]
1715521043.338676: [30.0, 8.0, 0.0, 4.0]
1715521043.58919: [28.6, 4.2, 8.3, 4.2]
1715521043.839738: [26.3, 0.0, 0.0, 0.0]
1715521044.090265: [31.8, 4.2, 8.3, 0.0]
1715521044.340846: [26.3, 4.0, 4.2, 0.0]
1715521044.591446: [4.3, 0.0, 0.0, 3.8]
1715521044.841964: [0.0, 0.0, 0.0, 0.0]
1715521045.092529: [0.0, 0.0, 0.0, 0.0]
1715521045.343085: [0.0, 0.0, 0.0, 0.0]
1715521045.593614: [0.0, 4.0, 0.0, 0.0]
1715521045.8442: [0.0, 0.0, 0.0, 0.0]
1715521046.094772: [3.8, 0.0, 0.0, 0.0]
1715521046.345345: [14.3, 0.0, 0.0, 4.0]
1715521046.596038: [41.7, 8.3, 15.4, 4.2]
1715521046.846632: [33.3, 12.5, 0.0, 0.0]
1715521047.09718: [26.3, 0.0, 11.5, 4.2]
1715521047.347793: [27.8, 8.3, 8.3, 0.0]
1715521047.598405: [30.0, 0.0, 4.2, 0.0]
1715521047.848972: [40.9, 8.0, 8.3, 0.0]
1715521048.099605: [33.3, 15.4, 0.0, 0.0]
1715521048.350139: [27.8, 0.0, 0.0, 4.0]
1715521048.600745: [33.3, 0.0, 4.3, 0.0]
1715521048.851284: [23.5, 8.0, 8.0, 0.0]
1715521049.101831: [33.3, 4.3, 4.2, 0.0]
1715521049.352575: [33.3, 8.3, 0.0, 4.2]
1715521049.603086: [31.6, 4.3, 8.3, 0.0]
1715521049.853606: [27.8, 8.3, 4.3, 8.3]
1715521050.104274: [30.0, 0.0, 8.3, 0.0]
1715521050.354729: [30.0, 4.3, 0.0, 4.2]
1715521050.605299: [35.0, 4.3, 0.0, 4.2]
1715521050.855877: [40.9, 8.0, 12.0, 4.2]
1715521051.106558: [39.1, 8.3, 8.0, 0.0]
1715521051.357147: [20.8, 0.0, 4.0, 0.0]
1715521051.607706: [0.0, 0.0, 0.0, 0.0]
1715521051.858313: [0.0, 0.0, 0.0, 0.0]
1715521052.108909: [0.0, 3.8, 0.0, 0.0]
1715521052.359487: [0.0, 0.0, 0.0, 0.0]
1715521052.610038: [0.0, 0.0, 0.0, 0.0]
1715521052.860563: [0.0, 0.0, 3.8, 0.0]
1715521053.111118: [16.7, 0.0, 0.0, 0.0]
1715521053.361658: [41.2, 4.2, 4.3, 0.0]
1715521053.612335: [38.9, 8.0, 0.0, 8.3]
1715521053.86277: [42.1, 8.0, 0.0, 0.0]
1715521054.113315: [47.6, 8.0, 12.0, 0.0]
1715521054.363928: [26.7, 0.0, 0.0, 4.2]
1715521054.61454: [44.4, 4.2, 4.2, 0.0]
1715521054.865101: [42.1, 4.2, 4.3, 0.0]
1715521055.11567: [37.5, 4.2, 0.0, 0.0]
1715521055.366216: [35.3, 4.2, 4.3, 0.0]
1715521055.616841: [31.2, 11.5, 4.3, 12.0]
1715521055.867503: [38.9, 0.0, 4.3, 0.0]
1715521056.118049: [38.9, 8.0, 0.0, 4.2]
1715521056.36871: [42.1, 4.2, 12.0, 0.0]
1715521056.619242: [47.4, 8.0, 0.0, 8.3]
1715521056.869768: [42.1, 8.0, 4.3, 0.0]
1715521057.120425: [44.4, 8.0, 4.3, 4.2]
1715521057.370725: [38.9, 8.0, 0.0, 4.2]
1715521057.621386: [42.1, 0.0, 4.3, 0.0]
1715521057.87201: [47.6, 0.0, 4.3, 0.0]
1715521058.122557: [20.0, 4.2, 0.0, 8.0]
1715521058.373097: [3.8, 3.8, 0.0, 0.0]
1715521058.623682: [3.8, 0.0, 0.0, 0.0]
1715521058.874263: [0.0, 3.8, 0.0, 0.0]
1715521059.124879: [4.0, 0.0, 0.0, 0.0]
1715521059.375416: [0.0, 0.0, 0.0, 0.0]
1715521059.626024: [0.0, 0.0, 0.0, 3.8]
1715521059.876661: [4.3, 0.0, 0.0, 0.0]
1715521060.127218: [47.4, 4.3, 8.3, 0.0]
1715521060.377781: [43.7, 8.3, 4.2, 4.3]
1715521060.628447: [47.4, 8.3, 4.2, 4.3]
1715521060.878983: [52.4, 15.4, 8.0, 8.3]
1715521061.129671: [47.4, 12.0, 0.0, 0.0]
1715521061.380315: [52.6, 4.3, 4.2, 4.3]
1715521061.630751: [33.3, 8.3, 0.0, 0.0]
1715521061.881338: [41.2, 4.3, 4.2, 0.0]
1715521062.131944: [52.4, 4.3, 4.2, 8.3]
1715521062.382576: [50.0, 8.3, 8.0, 8.3]
1715521062.633302: [41.2, 0.0, 8.0, 0.0]
1715521062.883938: [54.5, 8.3, 4.2, 4.3]
1715521063.134535: [44.4, 11.5, 4.3, 8.0]
1715521063.385099: [47.4, 8.3, 8.0, 4.3]
1715521063.635718: [47.4, 8.3, 4.2, 0.0]
1715521063.88628: [50.0, 15.4, 0.0, 0.0]
1715521064.136887: [52.6, 8.3, 0.0, 8.3]
1715521064.387592: [54.5, 12.0, 0.0, 4.3]
1715521064.638121: [47.4, 4.2, 0.0, 0.0]
1715521064.888638: [40.9, 0.0, 4.0, 0.0]
1715521065.139244: [0.0, 3.8, 0.0, 4.0]
1715521065.389787: [0.0, 0.0, 0.0, 0.0]
1715521065.640328: [0.0, 0.0, 0.0, 0.0]
1715521065.890907: [0.0, 0.0, 0.0, 0.0]
1715521066.141484: [0.0, 0.0, 0.0, 0.0]
1715521066.392042: [3.8, 3.8, 0.0, 0.0]
1715521066.642577: [0.0, 0.0, 0.0, 0.0]
1715521066.893173: [63.6, 4.3, 8.7, 4.3]
1715521067.143688: [61.9, 12.0, 13.0, 8.3]
1715521067.394239: [60.0, 8.3, 12.5, 0.0]
1715521067.644902: [65.0, 8.3, 13.0, 4.3]
1715521067.895528: [61.9, 15.4, 8.7, 0.0]
1715521068.146135: [57.9, 12.0, 4.8, 4.2]
1715521068.396764: [61.1, 0.0, 4.5, 0.0]
1715521068.647263: [42.9, 4.3, 8.7, 0.0]
1715521068.897967: [55.6, 12.0, 4.5, 4.2]
1715521069.14859: [63.2, 14.8, 4.5, 0.0]
1715521069.399126: [57.9, 8.3, 13.0, 0.0]
1715521069.649682: [57.9, 0.0, 8.7, 4.3]
1715521069.900319: [58.8, 4.5, 0.0, 4.5]
1715521070.150812: [63.2, 0.0, 16.0, 4.2]
1715521070.401432: [61.9, 12.0, 13.0, 0.0]
1715521070.652071: [65.0, 12.0, 16.0, 4.3]
1715521070.902656: [50.0, 8.0, 0.0, 4.2]
1715521071.153259: [52.9, 8.3, 19.2, 8.3]
1715521071.40391: [57.9, 12.0, 4.5, 4.2]
1715521071.654523: [42.9, 12.0, 4.5, 4.3]
1715521071.905099: [3.8, 0.0, 0.0, 0.0]
1715521072.155653: [0.0, 0.0, 0.0, 0.0]
1715521072.406208: [0.0, 0.0, 0.0, 0.0]
1715521072.656786: [3.8, 0.0, 0.0, 0.0]
1715521072.907343: [0.0, 0.0, 0.0, 0.0]
1715521073.157894: [0.0, 0.0, 0.0, 0.0]
1715521073.408436: [0.0, 0.0, 0.0, 0.0]
1715521073.658719: [55.0, 8.3, 4.3, 4.3]
1715521073.909335: [73.7, 12.0, 8.7, 4.3]
1715521074.159972: [73.9, 12.5, 8.3, 8.3]
1715521074.410605: [73.9, 4.3, 4.5, 0.0]
1715521074.661207: [70.0, 4.3, 4.3, 8.3]
1715521074.91182: [71.4, 8.3, 8.3, 0.0]
1715521075.162386: [70.0, 8.7, 0.0, 4.3]
1715521075.413017: [72.7, 15.4, 12.0, 4.5]
1715521075.663622: [66.7, 8.3, 16.0, 12.0]
1715521075.91415: [66.7, 8.3, 0.0, 4.3]
1715521076.164811: [68.4, 12.5, 12.0, 15.4]
1715521076.415445: [65.0, 18.5, 4.5, 8.3]
1715521076.666104: [71.4, 4.5, 8.7, 12.0]
1715521076.916734: [70.0, 8.3, 8.3, 4.5]
1715521077.167383: [71.4, 0.0, 16.0, 0.0]
1715521077.417958: [64.7, 16.0, 4.3, 4.3]
1715521077.668574: [71.4, 8.3, 4.5, 4.3]
1715521077.919133: [75.0, 21.4, 4.3, 8.3]
1715521078.169714: [73.9, 4.5, 4.3, 4.3]
1715521078.420507: [75.0, 15.4, 8.7, 0.0]
1715521078.671046: [4.2, 0.0, 0.0, 3.8]
1715521078.921635: [0.0, 0.0, 0.0, 0.0]
1715521079.172196: [0.0, 0.0, 0.0, 0.0]
1715521079.422749: [0.0, 0.0, 0.0, 0.0]
1715521079.673309: [0.0, 0.0, 0.0, 0.0]
1715521079.923875: [0.0, 0.0, 0.0, 4.0]
1715521080.174426: [0.0, 0.0, 0.0, 0.0]
1715521080.425082: [48.0, 8.3, 0.0, 4.2]
1715521080.675684: [79.2, 13.0, 8.3, 8.7]
1715521080.926315: [78.3, 8.7, 8.7, 4.3]
1715521081.177042: [81.8, 16.7, 8.3, 12.5]
1715521081.427672: [78.3, 16.0, 8.3, 4.3]
1715521081.678315: [76.2, 20.0, 19.2, 16.0]
1715521081.929023: [78.3, 16.0, 8.3, 15.4]
1715521082.179659: [76.2, 12.5, 12.0, 4.5]
1715521082.430366: [76.2, 13.0, 8.3, 4.3]
1715521082.681046: [81.8, 13.0, 4.3, 8.7]
1715521082.931692: [80.0, 16.7, 8.7, 4.5]
1715521083.18227: [79.2, 9.1, 8.3, 12.5]
1715521083.432885: [82.6, 20.0, 8.3, 4.5]
1715521083.683566: [78.3, 16.0, 4.3, 12.5]
1715521083.934235: [79.2, 12.5, 12.0, 0.0]
1715521084.184871: [78.3, 23.1, 18.5, 4.3]
1715521084.435552: [78.9, 8.7, 4.3, 4.5]
1715521084.686165: [79.2, 12.5, 8.7, 4.3]
1715521084.936791: [81.0, 9.1, 12.0, 13.0]
1715521085.187527: [84.0, 9.1, 0.0, 4.3]
1715521085.438085: [30.8, 0.0, 8.0, 8.0]
1715521085.688685: [0.0, 0.0, 3.8, 0.0]
1715521085.939208: [0.0, 3.8, 0.0, 0.0]
1715521086.189785: [0.0, 0.0, 0.0, 0.0]
1715521086.440338: [0.0, 0.0, 0.0, 0.0]
1715521086.690748: [3.8, 0.0, 0.0, 4.0]
1715521086.941286: [0.0, 0.0, 0.0, 0.0]
1715521087.19197: [37.5, 8.0, 8.3, 8.0]
1715521087.442598: [88.0, 12.5, 12.5, 16.7]
1715521087.69322: [81.8, 23.1, 16.0, 16.0]
1715521087.943896: [87.0, 22.2, 0.0, 13.0]
1715521088.19457: [86.4, 16.0, 12.5, 16.0]
1715521088.445185: [87.0, 16.0, 12.5, 8.7]
1715521088.695807: [86.4, 8.7, 12.5, 9.1]
1715521088.946379: [82.6, 22.2, 8.7, 16.0]
1715521089.197135: [86.4, 22.2, 12.5, 19.2]
1715521089.447717: [85.0, 8.7, 8.7, 9.1]
1715521089.698509: [87.0, 16.0, 4.5, 19.2]
1715521089.949215: [86.4, 23.1, 16.7, 16.7]
1715521090.199906: [88.0, 8.7, 8.7, 4.8]
1715521090.450638: [88.0, 23.1, 16.0, 13.0]
1715521090.701241: [85.7, 12.5, 19.2, 16.0]
1715521090.951832: [85.7, 8.7, 9.1, 4.5]
1715521091.202585: [85.7, 4.5, 8.7, 13.0]
1715521091.453222: [83.3, 16.0, 8.7, 8.7]
1715521091.703849: [84.2, 19.2, 16.0, 4.5]
1715521091.954478: [86.4, 19.2, 4.5, 9.1]
1715521092.204878: [48.1, 8.0, 4.2, 8.0]
1715521092.455422: [3.8, 0.0, 0.0, 3.8]
1715521092.705967: [0.0, 0.0, 0.0, 0.0]
1715521092.956518: [0.0, 0.0, 0.0, 0.0]
1715521093.207045: [0.0, 0.0, 0.0, 0.0]
1715521093.457613: [0.0, 0.0, 0.0, 0.0]
1715521093.70813: [0.0, 0.0, 0.0, 0.0]
1715521093.958737: [32.0, 4.0, 4.0, 4.0]
1715521094.209354: [92.0, 18.5, 19.2, 16.7]
1715521094.460059: [96.0, 12.5, 4.5, 13.0]
1715521094.710706: [96.2, 21.4, 21.4, 4.8]
1715521094.961388: [91.7, 15.4, 24.1, 9.1]
1715521095.21204: [96.2, 21.4, 19.2, 13.0]
1715521095.462673: [96.0, 16.0, 16.0, 9.1]
1715521095.713251: [96.2, 12.5, 34.4, 13.0]
1715521095.963844: [95.8, 15.4, 16.0, 9.1]
1715521096.214539: [95.8, 16.0, 21.4, 4.8]
1715521096.465144: [92.3, 18.5, 25.0, 8.7]
1715521096.715699: [96.2, 21.4, 8.3, 13.0]
1715521096.966314: [95.7, 24.1, 8.7, 4.8]
1715521097.216955: [96.0, 19.2, 19.2, 16.7]
1715521097.46759: [91.7, 21.4, 8.3, 4.8]
1715521097.718174: [100.0, 21.4, 16.0, 13.0]
1715521097.968875: [96.2, 12.5, 16.0, 16.7]
1715521098.21953: [96.0, 4.3, 25.0, 13.0]
1715521098.470144: [96.0, 18.5, 4.3, 16.7]
1715521098.720798: [96.2, 15.4, 19.2, 16.7]
1715521098.971342: [61.5, 14.8, 8.0, 12.0]
1715521099.221917: [0.0, 0.0, 0.0, 0.0]
1715521099.472455: [0.0, 0.0, 0.0, 3.8]
1715521099.722995: [3.8, 7.4, 0.0, 0.0]
1715521099.973525: [0.0, 4.0, 0.0, 0.0]
1715521100.224075: [4.0, 3.8, 0.0, 0.0]
1715521100.474652: [0.0, 0.0, 0.0, 0.0]
1715521100.725311: [16.7, 0.0, 0.0, 0.0]
1715521100.975926: [100.0, 22.2, 19.2, 16.0]
1715521101.226636: [100.0, 19.2, 12.0, 16.7]
1715521101.477308: [100.0, 25.0, 19.2, 8.7]
1715521101.727994: [100.0, 19.2, 12.5, 20.0]
1715521101.978675: [100.0, 21.4, 12.0, 16.0]
1715521102.229265: [100.0, 22.2, 16.0, 8.7]
1715521102.479906: [100.0, 16.0, 8.3, 13.0]
1715521102.730578: [100.0, 22.2, 22.2, 8.7]
1715521102.981224: [100.0, 15.4, 18.5, 22.2]
1715521103.231871: [100.0, 27.6, 18.5, 8.7]
1715521103.482571: [100.0, 22.2, 4.5, 16.7]
1715521103.733154: [100.0, 19.2, 18.5, 16.0]
1715521103.983746: [100.0, 19.2, 12.5, 9.1]
1715521104.234436: [100.0, 19.2, 8.3, 4.8]
1715521104.4851: [100.0, 13.0, 12.5, 13.0]
1715521104.735787: [100.0, 8.7, 8.3, 13.0]
1715521104.986473: [100.0, 8.7, 12.0, 13.0]
1715521105.237228: [100.0, 25.9, 4.3, 16.7]
1715521105.487859: [100.0, 16.0, 16.0, 16.7]
1715521105.738404: [80.0, 12.5, 4.3, 12.5]
1715521105.988937: [0.0, 0.0, 0.0, 0.0]
1715521106.239489: [0.0, 0.0, 0.0, 0.0]
1715521106.490013: [0.0, 0.0, 0.0, 0.0]
1715521106.740545: [7.4, 4.0, 4.0, 0.0]
1715521106.991139: [0.0, 0.0, 0.0, 0.0]
1715521107.241669: [0.0, 0.0, 0.0, 0.0]
1715521107.492316: [4.0, 0.0, 0.0, 0.0]
1715521107.742838: [100.0, 31.0, 16.7, 30.8]
1715521107.993482: [96.2, 23.1, 13.0, 28.0]
1715521108.244167: [100.0, 27.6, 16.7, 13.6]
1715521108.494865: [100.0, 28.6, 13.0, 21.7]
1715521108.745493: [100.0, 20.0, 13.0, 17.4]
1715521108.996138: [100.0, 25.0, 23.1, 18.2]
1715521109.24683: [100.0, 31.0, 13.0, 17.4]
1715521109.497557: [100.0, 23.1, 23.1, 18.2]
1715521109.74828: [100.0, 8.7, 16.7, 21.7]
1715521109.998881: [100.0, 28.6, 24.0, 17.4]
1715521110.249538: [100.0, 9.1, 20.8, 25.0]
1715521110.50023: [100.0, 28.6, 16.7, 14.3]
1715521110.750811: [100.0, 13.0, 20.0, 26.9]
1715521111.001458: [100.0, 20.0, 23.1, 18.2]
1715521111.252165: [100.0, 27.6, 13.0, 21.7]
1715521111.502833: [100.0, 13.0, 20.0, 17.4]
1715521111.753501: [100.0, 25.9, 23.1, 30.8]
1715521112.004157: [96.2, 9.1, 16.7, 17.4]
1715521112.254813: [100.0, 22.2, 25.9, 10.0]
1715521112.505401: [96.0, 23.1, 8.7, 5.0]
1715521112.755971: [0.0, 0.0, 0.0, 0.0]
1715521113.006586: [0.0, 0.0, 0.0, 3.8]
1715521113.257164: [0.0, 0.0, 0.0, 0.0]
1715521113.507715: [0.0, 0.0, 0.0, 0.0]
1715521113.758321: [0.0, 0.0, 0.0, 0.0]
1715521114.008887: [0.0, 3.8, 0.0, 0.0]
1715521114.259455: [0.0, 0.0, 0.0, 0.0]
1715521114.510117: [87.0, 19.2, 19.2, 8.7]
1715521114.76082: [100.0, 13.0, 16.7, 4.5]
1715521115.011496: [100.0, 19.2, 9.1, 16.0]
1715521115.26213: [100.0, 25.0, 0.0, 16.0]
1715521115.512786: [100.0, 20.0, 13.0, 16.0]
1715521115.763506: [100.0, 34.4, 12.5, 8.7]
1715521116.01417: [100.0, 25.9, 23.1, 9.1]
1715521116.264824: [100.0, 20.0, 13.0, 20.0]
1715521116.515416: [100.0, 25.9, 23.1, 16.0]
1715521116.766155: [100.0, 12.5, 12.5, 9.1]
1715521117.016814: [100.0, 23.1, 13.0, 16.0]
1715521117.267463: [100.0, 30.0, 25.9, 16.0]
1715521117.518112: [100.0, 16.0, 12.5, 16.0]
1715521117.768801: [100.0, 23.1, 25.9, 16.0]
1715521118.019437: [100.0, 12.5, 19.2, 16.0]
1715521118.270063: [100.0, 19.2, 16.7, 16.0]
1715521118.520814: [100.0, 9.1, 16.7, 8.7]
1715521118.771538: [100.0, 30.0, 16.0, 16.0]
1715521119.022164: [100.0, 19.2, 16.7, 4.5]
1715521119.272817: [100.0, 22.2, 16.0, 16.0]
1715521119.523354: [12.0, 0.0, 4.0, 4.0]
1715521119.773911: [0.0, 0.0, 0.0, 0.0]
1715521120.024446: [0.0, 3.8, 4.0, 4.0]
1715521120.275007: [0.0, 0.0, 0.0, 0.0]
1715521120.525603: [0.0, 0.0, 0.0, 0.0]
1715521120.776171: [0.0, 0.0, 3.8, 0.0]
1715521121.026725: [0.0, 0.0, 0.0, 3.8]
1715521121.277488: [66.7, 8.0, 4.3, 8.3]
1715521121.528148: [100.0, 32.3, 20.0, 16.7]
1715521121.778817: [100.0, 12.0, 13.0, 16.0]
1715521122.029486: [100.0, 27.6, 4.5, 16.7]
1715521122.280119: [100.0, 24.1, 4.8, 8.7]
1715521122.530747: [100.0, 29.0, 16.0, 4.5]
1715521122.781414: [100.0, 22.2, 13.0, 12.5]
1715521123.032081: [100.0, 21.4, 13.0, 13.0]
1715521123.282761: [100.0, 15.4, 19.2, 22.2]
1715521123.533387: [100.0, 8.7, 13.0, 12.5]
1715521123.784036: [100.0, 24.1, 16.7, 13.0]
1715521124.034738: [100.0, 18.5, 25.9, 25.0]
1715521124.285381: [100.0, 8.7, 23.1, 8.7]
1715521124.536: [100.0, 21.4, 12.5, 8.7]
1715521124.786678: [100.0, 31.3, 9.1, 4.5]
1715521125.037291: [100.0, 19.2, 19.2, 31.0]
1715521125.287918: [100.0, 31.2, 4.8, 12.5]
1715521125.53853: [100.0, 16.0, 23.1, 8.7]
1715521125.789138: [100.0, 8.7, 12.5, 20.0]
1715521126.039729: [100.0, 26.7, 16.7, 4.5]
1715521126.290329: [34.6, 7.7, 7.7, 0.0]
1715521126.54089: [0.0, 3.8, 0.0, 3.8]
1715521126.79144: [0.0, 0.0, 0.0, 0.0]
1715521127.041983: [0.0, 0.0, 0.0, 0.0]
1715521127.292547: [0.0, 0.0, 0.0, 3.8]
1715521127.543094: [0.0, 0.0, 0.0, 0.0]
1715521127.793625: [0.0, 0.0, 0.0, 0.0]
1715521128.044298: [48.0, 11.5, 12.0, 11.5]
1715521128.294861: [100.0, 19.2, 8.7, 12.5]
1715521128.545505: [100.0, 20.0, 8.7, 9.1]
1715521128.796132: [100.0, 19.2, 16.0, 19.2]
1715521129.046801: [100.0, 30.0, 0.0, 8.7]
1715521129.297487: [100.0, 22.2, 9.1, 19.2]
1715521129.548158: [100.0, 22.2, 12.5, 8.7]
1715521129.798839: [100.0, 21.4, 19.2, 16.0]
1715521130.049466: [100.0, 23.1, 16.7, 20.8]
1715521130.300081: [100.0, 16.7, 20.0, 12.5]
1715521130.550692: [100.0, 12.5, 12.5, 8.7]
1715521130.801338: [100.0, 24.1, 8.7, 8.7]
1715521131.051986: [100.0, 12.5, 8.7, 16.0]
1715521131.302684: [100.0, 12.5, 19.2, 12.5]
1715521131.553267: [100.0, 16.0, 16.7, 16.0]
1715521131.803849: [100.0, 16.0, 12.5, 16.0]
1715521132.054559: [100.0, 12.5, 4.5, 19.2]
1715521132.305207: [100.0, 8.7, 16.0, 19.2]
1715521132.555871: [100.0, 16.0, 4.8, 16.0]
1715521132.806578: [100.0, 21.4, 12.5, 16.0]
1715521133.057119: [55.6, 21.4, 8.0, 11.5]
1715521133.307695: [0.0, 0.0, 0.0, 0.0]
1715521133.558263: [4.0, 0.0, 0.0, 0.0]
1715521133.808801: [0.0, 0.0, 0.0, 0.0]
1715521134.059363: [0.0, 0.0, 0.0, 3.8]
1715521134.309937: [3.8, 7.4, 0.0, 0.0]
1715521134.560505: [0.0, 0.0, 3.8, 0.0]
1715521134.811107: [29.2, 11.1, 4.2, 11.5]
1715521135.061805: [100.0, 19.2, 9.1, 25.9]
1715521135.312454: [100.0, 8.0, 22.2, 13.0]
1715521135.5631: [100.0, 19.2, 20.0, 16.7]
1715521135.813801: [100.0, 18.5, 20.0, 16.7]
1715521136.064466: [100.0, 26.7, 4.5, 16.7]
1715521136.315062: [100.0, 18.5, 22.2, 9.1]
1715521136.565747: [100.0, 15.4, 25.9, 4.8]
1715521136.816363: [100.0, 15.4, 23.1, 13.0]
1715521137.066782: [100.0, 18.5, 19.2, 16.7]
1715521137.317486: [100.0, 20.7, 4.8, 13.0]
1715521137.568103: [100.0, 33.3, 19.2, 16.0]
1715521137.818743: [100.0, 18.5, 23.1, 20.0]
1715521138.069473: [100.0, 26.7, 4.5, 16.7]
1715521138.320143: [100.0, 32.4, 12.5, 9.1]
1715521138.570786: [100.0, 18.5, 20.0, 4.8]
1715521138.821473: [100.0, 18.5, 16.0, 12.5]
1715521139.072181: [100.0, 26.7, 13.0, 13.0]
1715521139.322904: [100.0, 26.7, 12.5, 13.0]
1715521139.573613: [100.0, 26.7, 12.5, 13.0]
1715521139.824133: [70.4, 17.9, 8.3, 8.3]
1715521140.074731: [3.8, 0.0, 4.0, 3.8]
1715521140.325327: [4.0, 0.0, 0.0, 0.0]
1715521140.57586: [0.0, 0.0, 3.8, 3.8]
1715521140.826396: [0.0, 0.0, 0.0, 0.0]
1715521141.076972: [0.0, 0.0, 0.0, 0.0]
1715521141.327516: [0.0, 0.0, 0.0, 0.0]
1715521141.57816: [19.2, 7.7, 4.0, 4.0]
1715521141.82886: [100.0, 28.6, 20.8, 8.7]
1715521142.079588: [100.0, 29.6, 24.0, 12.5]
1715521142.330414: [100.0, 24.0, 13.0, 4.3]
1715521142.58115: [100.0, 24.0, 29.6, 4.5]
1715521142.831849: [100.0, 16.7, 17.4, 4.5]
1715521143.082636: [100.0, 26.9, 20.0, 19.2]
1715521143.333299: [100.0, 20.0, 24.0, 8.3]
1715521143.583976: [100.0, 26.9, 23.1, 12.5]
1715521143.834692: [100.0, 24.0, 24.0, 4.5]
1715521144.085414: [100.0, 25.9, 23.1, 8.3]
1715521144.336098: [100.0, 24.0, 24.0, 4.5]
1715521144.586832: [100.0, 28.6, 24.0, 16.0]
1715521144.837506: [100.0, 24.0, 9.1, 12.0]
1715521145.088199: [100.0, 23.1, 26.9, 16.0]
1715521145.338876: [100.0, 24.0, 0.0, 16.0]
1715521145.589535: [100.0, 24.0, 20.8, 12.5]
1715521145.840218: [100.0, 17.4, 17.4, 12.5]
1715521146.090885: [100.0, 20.0, 20.0, 8.3]
1715521146.341566: [100.0, 17.4, 24.0, 12.5]
1715521146.592098: [80.8, 16.7, 16.0, 19.2]
1715521146.842672: [4.0, 7.4, 0.0, 3.8]
1715521147.093286: [0.0, 0.0, 0.0, 0.0]
1715521147.343871: [0.0, 0.0, 0.0, 0.0]
1715521147.594409: [0.0, 0.0, 0.0, 0.0]
1715521147.844961: [0.0, 0.0, 0.0, 0.0]
1715521148.095528: [0.0, 0.0, 0.0, 0.0]
1715521148.346168: [0.0, 0.0, 0.0, 0.0]
1715521148.596797: [100.0, 23.1, 4.8, 4.8]
1715521148.847478: [100.0, 19.2, 19.2, 23.1]
1715521149.098122: [100.0, 23.1, 8.7, 12.5]
1715521149.348831: [100.0, 22.2, 8.7, 8.7]
1715521149.599477: [100.0, 25.0, 12.5, 9.1]
1715521149.850102: [100.0, 23.1, 8.7, 12.5]
1715521150.100787: [100.0, 20.0, 23.1, 16.7]
1715521150.351399: [100.0, 30.0, 16.0, 19.2]
1715521150.602071: [100.0, 16.7, 19.2, 16.0]
1715521150.852734: [100.0, 27.6, 8.7, 12.5]
1715521151.103373: [100.0, 25.9, 8.7, 13.0]
1715521151.354019: [100.0, 25.0, 8.7, 12.5]
1715521151.604624: [100.0, 23.1, 16.0, 12.5]
1715521151.855344: [100.0, 19.2, 16.0, 16.7]
1715521152.105974: [100.0, 23.1, 8.7, 8.7]
1715521152.356636: [100.0, 27.6, 12.0, 8.7]
1715521152.607224: [100.0, 19.2, 4.5, 22.2]
1715521152.857828: [100.0, 22.2, 8.7, 19.2]
1715521153.108537: [100.0, 23.1, 8.7, 13.0]
1715521153.359174: [100.0, 19.2, 12.0, 12.5]
1715521153.609722: [3.8, 0.0, 0.0, 0.0]
1715521153.860308: [0.0, 0.0, 0.0, 0.0]
1715521154.110915: [0.0, 0.0, 3.8, 0.0]
1715521154.361506: [0.0, 0.0, 0.0, 0.0]
1715521154.612037: [0.0, 3.8, 0.0, 0.0]
1715521154.862552: [0.0, 0.0, 0.0, 0.0]
1715521155.113116: [4.0, 3.8, 0.0, 3.8]
1715521155.363806: [83.3, 19.2, 12.5, 15.4]
1715521155.614468: [100.0, 35.5, 24.0, 28.6]
1715521155.865191: [100.0, 23.1, 20.8, 12.5]
1715521156.115954: [100.0, 27.6, 13.0, 16.0]
1715521156.366634: [100.0, 25.0, 16.7, 12.0]
1715521156.61739: [100.0, 16.7, 13.0, 22.2]
1715521156.868073: [100.0, 25.0, 16.7, 8.3]
1715521157.11871: [100.0, 22.2, 23.1, 12.5]
1715521157.369376: [100.0, 16.0, 25.9, 8.3]
1715521157.620057: [100.0, 31.0, 23.1, 8.7]
1715521157.870753: [100.0, 22.2, 16.7, 8.3]
1715521158.121364: [100.0, 16.0, 25.9, 18.5]
1715521158.371976: [100.0, 16.0, 13.0, 12.5]
1715521158.622715: [100.0, 19.2, 13.0, 18.5]
1715521158.873341: [100.0, 25.9, 12.5, 15.4]
1715521159.123937: [100.0, 27.6, 13.6, 16.0]
1715521159.374693: [100.0, 22.2, 19.2, 8.7]
1715521159.625363: [100.0, 13.0, 13.6, 4.5]
1715521159.875974: [100.0, 12.5, 12.5, 4.3]
1715521160.126705: [100.0, 25.9, 25.0, 12.5]
1715521160.37727: [21.4, 4.0, 7.7, 0.0]
1715521160.62784: [0.0, 0.0, 3.8, 0.0]
1715521160.878375: [0.0, 0.0, 0.0, 0.0]
1715521161.128971: [0.0, 0.0, 0.0, 0.0]
1715521161.379519: [0.0, 0.0, 0.0, 3.8]
1715521161.63012: [0.0, 0.0, 0.0, 0.0]
1715521161.880631: [0.0, 0.0, 0.0, 0.0]
1715521162.131317: [68.0, 8.3, 12.5, 8.3]
1715521162.381931: [100.0, 12.0, 13.0, 8.3]
1715521162.632503: [100.0, 16.0, 16.7, 12.5]
1715521162.883169: [100.0, 18.5, 4.5, 16.0]
1715521163.133773: [100.0, 21.4, 13.0, 12.0]
1715521163.384427: [100.0, 22.2, 9.1, 12.5]
1715521163.6348: [100.0, 18.5, 13.0, 8.7]
1715521163.88547: [100.0, 22.2, 4.8, 8.3]
1715521164.136151: [100.0, 24.1, 16.0, 16.0]
1715521164.38683: [100.0, 24.1, 0.0, 21.4]
1715521164.637445: [100.0, 19.2, 25.9, 12.5]
1715521164.888053: [100.0, 18.5, 13.0, 4.3]
1715521165.138698: [100.0, 19.2, 12.5, 16.0]
1715521165.389296: [100.0, 21.4, 13.6, 19.2]
1715521165.639903: [100.0, 22.2, 23.1, 8.7]
1715521165.890573: [100.0, 18.5, 13.0, 0.0]
1715521166.141248: [100.0, 27.6, 13.0, 16.0]
1715521166.391876: [100.0, 29.0, 12.5, 15.4]
1715521166.642522: [100.0, 19.2, 26.9, 16.0]
1715521166.893158: [100.0, 15.4, 13.0, 16.0]
1715521167.143685: [30.8, 4.2, 7.7, 4.0]
1715521167.394274: [0.0, 0.0, 0.0, 0.0]
1715521167.644845: [0.0, 0.0, 0.0, 0.0]
1715521167.895442: [0.0, 0.0, 0.0, 0.0]
1715521168.146049: [0.0, 0.0, 0.0, 0.0]
1715521168.396619: [0.0, 0.0, 0.0, 0.0]
1715521168.647154: [0.0, 0.0, 0.0, 0.0]
1715521168.897819: [46.2, 8.0, 4.3, 4.2]
1715521169.148473: [100.0, 28.6, 16.7, 13.0]
1715521169.399135: [100.0, 13.0, 20.0, 4.5]
1715521169.649807: [100.0, 30.0, 16.7, 20.8]
1715521169.900402: [100.0, 22.2, 13.0, 8.7]
1715521170.150781: [100.0, 17.4, 23.1, 13.0]
1715521170.40145: [100.0, 25.0, 16.7, 16.7]
1715521170.652126: [100.0, 20.0, 25.9, 16.7]
1715521170.902838: [100.0, 25.0, 20.0, 8.7]
1715521171.153485: [100.0, 20.0, 20.0, 13.0]
1715521171.404134: [100.0, 19.2, 25.9, 17.4]
1715521171.654826: [100.0, 25.9, 20.0, 25.9]
1715521171.905489: [100.0, 12.5, 16.7, 4.5]
1715521172.156208: [100.0, 13.0, 23.1, 9.1]
1715521172.406813: [100.0, 19.2, 13.0, 23.1]
1715521172.657443: [100.0, 16.7, 20.0, 25.0]
1715521172.908106: [100.0, 22.2, 16.7, 16.7]
1715521173.158776: [100.0, 13.0, 25.0, 20.0]
1715521173.409415: [100.0, 19.2, 16.7, 16.0]
1715521173.660112: [100.0, 28.6, 20.0, 16.7]
1715521173.910733: [53.8, 8.0, 8.3, 12.0]
1715521174.161315: [0.0, 0.0, 0.0, 0.0]
1715521174.411835: [0.0, 0.0, 0.0, 3.8]
1715521174.662384: [0.0, 0.0, 3.8, 0.0]
1715521174.912964: [0.0, 0.0, 0.0, 0.0]
1715521175.163546: [0.0, 3.8, 3.8, 0.0]